ACC_X,ACC_Y,ACC_Z,GYRO_X,GYRO_Y,GYRO_Z,LIGH_1,GRAV_X,GRAV_Y,GRAV_Z,LINACC_X,LINACC_Y,LINACC_Z,ROTVEC_X,ROTVEC_Y,ROTVEC_Z,TIME,VOICE
-5.133168,7.9008656,4.367024,-0.52032924,0.9180872,0.35185415,13.0,-6.1641192,7.0214405,2.9788249,1.0973504,0.5650931,0.72590953,0.45022562,-0.38133854,-0.798613,2016-12-08 23:22:10,NaN
3.0071173,5.889736,7.872135,-0.34022963,0.42878783,0.1918757,16.0,3.664411,6.488908,6.374682,-0.20484266,-0.12820576,1.3208146,0.2262345,-0.35185167,-0.42369762,2016-12-08 23:22:11,NaN
8.24563,3.083732,2.9879637,0.025440337,-0.7787411,0.60637796,13.0,8.177459,3.5247114,4.108037,0.416981,-0.5827163,-1.3022454,0.07992422,-0.53306705,-0.21502261,2016-12-08 23:22:12,NaN
7.517793,3.9264908,4.7022123,-0.076260835,-0.020320091,-0.024779651,13.0,7.6763625,3.9605463,4.6430516,-0.13069016,-0.05150651,0.06958856,0.076693654,-0.50733453,-0.27511692,2016-12-08 23:22:13,NaN
7.5082164,3.964798,4.7500963,-0.0020122242,0.004609096,-0.0047319042,13.0,7.547373,4.0309453,4.79156,0.011920298,-0.05380386,-0.051679425,0.077617876,-0.4996738,-0.2848098,2016-12-08 23:22:14,NaN
7.536947,3.821146,4.721366,-0.1037304,-0.06710332,-0.06902635,13.0,7.622699,3.9101691,4.772359,-0.036165748,-0.069231085,-0.0869594,0.072353885,-0.5014402,-0.2799171,2016-12-08 23:22:15,NaN
6.7324953,3.7541082,5.861006,-0.09913286,-0.13755275,0.16510317,16.0,7.328904,3.3232203,5.6047974,-0.27356416,0.5313382,0.63332164,0.008262427,-0.46278137,-0.35159963,2016-12-08 23:22:16,NaN
7.833828,0.81402856,5.631162,0.2292905,0.0128332125,-0.09936381,16.0,7.912419,0.75500226,5.744041,-0.026237292,0.07583894,-0.14607832,-0.015000569,-0.4548741,-0.11374997,2016-12-08 23:22:17,NaN
7.565677,1.1109096,6.0142345,-0.17506613,0.012110415,-0.118747994,16.0,7.630302,1.1439348,6.0531225,-0.057388518,-0.04068678,-0.060169283,0.014999091,-0.43720895,-0.10275429,2016-12-08 23:22:18,NaN
7.642292,1.1587936,5.93762,0.21783231,-0.0056044566,0.12300273,16.0,7.676676,1.0135059,6.0176277,-0.04928148,0.14422353,-0.05191552,0.002113199,-0.43952468,-0.113284774,2016-12-08 23:22:19,NaN
8.848969,2.1643584,3.5529952,0.39448848,-0.40781552,-0.18299134,13.0,8.6123905,1.711953,4.3665023,0.24083509,0.4809229,-0.6617677,0.007871511,-0.5266008,-0.1532538,2016-12-08 23:22:20,NaN
8.580819,2.2697031,4.1276035,-0.38822228,-0.06366063,-0.20290715,13.0,8.7524,2.330384,3.7596788,-0.13072093,-0.0013045489,0.067638695,0.057310943,-0.55229086,-0.12989005,2016-12-08 23:22:21,NaN
8.571242,1.6280571,4.367024,0.16963674,-0.027082236,-0.04402462,13.0,8.558598,2.0597186,4.321846,0.035841532,-0.31631416,-0.031436365,0.026860455,-0.52813417,-0.15641762,2016-12-08 23:22:22,NaN
8.408437,1.5610195,4.759673,-0.033695664,-0.035030864,0.07610131,13.0,8.487325,1.6405283,4.6308064,0.039013017,-0.006086718,0.01373216,0.005073719,-0.51368165,-0.15449598,2016-12-08 23:22:23,NaN
7.479486,1.283292,5.765238,-0.5081738,0.27257496,-0.2294685,13.0,8.165697,1.8810601,5.094447,-0.6745065,-0.6007474,0.76230216,-0.012288628,-0.49000448,-0.21689919,2016-12-08 23:22:24,NaN
7.8912888,1.3503298,5.3438582,-0.04607784,0.01569186,-0.012563455,16.0,8.112755,1.4357693,5.3190384,-0.21295343,-0.087354906,0.06099894,-0.06055415,-0.47448686,-0.26127806,2016-12-08 23:22:25,NaN
7.9870567,1.4173675,5.2289367,0.0700673,0.00784198,0.03829374,16.0,8.113541,1.42033,5.321985,-0.1183966,-0.0038138886,-0.07815115,-0.06594075,-0.47360966,-0.2692943,2016-12-08 23:22:26,NaN
8.0445175,1.3790601,5.2002063,-0.14050213,-0.018350812,-0.092375964,16.0,8.144673,1.3915815,5.2818727,-0.12228884,-0.0023060818,-0.078899756,-0.07924755,-0.4737291,-0.28834084,2016-12-08 23:22:27,NaN
8.0924015,1.4077905,5.0757074,-0.12513909,0.009655929,-0.09007299,16.0,8.147323,1.374838,5.2821717,-0.043216173,8.1708364E-4,-0.2154025,-0.082972415,-0.4730748,-0.29316178,2016-12-08 23:22:28,NaN
7.8912888,1.283292,5.45878,0.030155739,-0.005007104,0.04601441,16.0,8.1233425,1.4135232,5.308828,-0.18268009,-0.13321051,0.18017241,-0.05913775,-0.4752134,-0.25615093,2016-12-08 23:22:29,NaN
8.073248,1.3311762,5.00867,0.03936136,-0.0670311,-0.01798126,13.0,8.245413,1.3293693,5.139682,-0.19578752,-0.021815917,-0.018431196,-0.049392972,-0.4852932,-0.22549954,2016-12-08 23:22:30,NaN
8.00621,1.4269443,5.1235914,0.1020741,0.04690178,0.0041738125,13.0,8.140133,1.3907865,5.289078,-0.13136852,0.039350014,-0.18144764,-0.055956557,-0.47665593,-0.2475711,2016-12-08 23:22:31,NaN
8.00621,1.388637,5.2002063,-0.006095811,-0.010451451,0.11239654,13.0,8.147812,1.4362332,5.2650537,-0.11180672,-0.08781878,-0.11656229,-0.040544868,-0.47949255,-0.22437374,2016-12-08 23:22:32,NaN
8.034941,2.327164,5.056554,0.094243735,-0.013937346,-0.096838795,16.0,8.179017,1.5670993,5.1786366,-0.0612899,0.6938783,-0.17996873,-0.034684982,-0.4845204,-0.22536245,2016-12-08 23:22:33,NaN
8.015787,1.7525556,4.9799395,-0.041465417,0.02561699,0.07554359,13.0,8.099944,1.9594338,5.169325,-0.17290209,-0.21602932,-0.12979607,-0.012847283,-0.486079,-0.22782567,2016-12-08 23:22:34,NaN
7.843405,2.2601264,5.1810527,-0.11970237,-0.024578953,-0.10062572,13.0,7.926925,2.4355848,5.23471,-0.040743824,-0.09288484,-0.14070009,0.012278293,-0.48265234,-0.23583235,2016-12-08 23:22:35,NaN
7.9008656,2.1739352,5.2289367,0.042972427,0.016345616,0.05243996,13.0,7.9522753,2.1831791,5.307112,-0.07971445,-0.031164112,-0.1450005,-6.907849E-4,-0.47896993,-0.2336174,2016-12-08 23:22:36,NaN
7.8912888,2.078167,5.1810527,-0.15282448,-0.058198176,-0.05826249,13.0,7.9823656,2.1500485,5.2753677,-0.109804906,-0.052514903,-0.09963537,-0.0028547645,-0.4806484,-0.2330919,2016-12-08 23:22:37,NaN
8.00621,2.030283,5.0182467,1.3419178E-4,-0.010068531,0.051385086,13.0,8.044131,2.001722,5.2397966,-0.076227896,4.688645E-4,-0.21388826,-0.017383778,-0.48222673,-0.24198744,2016-12-08 23:22:38,NaN
8.169016,2.4516625,4.6255975,0.18441036,-0.18617494,-0.012927002,13.0,8.182279,2.0567167,4.9990606,0.09889217,0.36770532,-0.6133084,-0.004945497,-0.49507007,-0.22021107,2016-12-08 23:22:39,NaN
8.465898,2.6144683,3.9935284,-0.21073973,-0.0058401506,-0.070066534,13.0,8.628531,2.6258888,3.8501368,-0.17029591,-0.03802271,0.113384575,0.050579485,-0.54876167,-0.16864903,2016-12-08 23:22:40,NaN
8.523358,2.5953147,3.9839516,0.052990835,0.012009812,0.029367417,13.0,8.556621,2.5997133,4.024442,-0.030283326,-0.025467698,0.0071805264,0.05124582,-0.5405408,-0.16719566,2016-12-08 23:22:41,NaN
8.456321,2.5570073,4.185065,0.064132705,0.04794768,0.038155995,13.0,8.484869,2.6022012,4.17204,-0.053874526,-0.055196114,0.050267845,0.0491188,-0.53373444,-0.1725262,2016-12-08 23:22:42,NaN
8.494628,2.5761611,4.0797195,-0.0023423866,-0.045926798,-0.016414417,13.0,8.500992,2.555845,4.1678753,-0.0018954097,0.018400645,-0.13625252,0.034367364,-0.53508544,-0.19072206,2016-12-08 23:22:43,NaN
8.456321,2.8443117,4.3478703,-0.16269347,-0.07462637,-0.12345856,13.0,8.513567,2.5603087,4.1393676,-0.08257253,0.21824229,0.24638413,0.03488776,-0.53640825,-0.1899237,2016-12-08 23:22:44,NaN
8.360553,2.633622,4.223372,-0.12052624,-0.030461868,0.006550423,13.0,8.361967,2.6747737,4.3696103,-0.026314605,0.035675474,-0.09282104,0.05063353,-0.52406883,-0.17994525,2016-12-08 23:22:45,NaN
8.274361,2.681506,4.367024,-0.026620694,-0.025287071,-0.061270554,13.0,8.315238,2.6387608,4.479302,-0.115789585,0.08530882,-0.02544837,0.049721673,-0.51879364,-0.17936215,2016-12-08 23:22:46,NaN
8.178593,2.5187001,4.55856,0.3352117,0.06857669,0.113080524,13.0,8.300761,2.7217197,4.4564557,-0.14217319,-0.17471479,0.0927404,0.04638675,-0.5202233,-0.19267648,2016-12-08 23:22:47,NaN
8.111555,2.7102363,4.596867,-0.039930943,0.063546,-0.031927098,13.0,8.254756,2.625596,4.597351,-0.13702898,0.030371653,-0.02091435,0.047554452,-0.5131656,-0.18329051,2016-12-08 23:22:48,NaN
8.149862,2.5953147,4.453215,-0.046603583,0.011753299,-0.16709939,13.0,8.24887,2.481821,4.686908,-0.07666184,0.13328575,-0.23305392,0.03932771,-0.5093992,-0.18356946,2016-12-08 23:22:49,NaN
7.9487495,2.5378537,5.209783,-0.039383743,-0.0029128173,-0.03705391,13.0,8.164391,2.5638237,4.7895637,-0.19648747,-0.03043899,0.34530747,0.05328895,-0.5029517,-0.17029954,2016-12-08 23:22:50,NaN
8.00621,2.384625,5.094861,0.020443771,-0.05463648,-0.038529325,16.0,8.081074,2.1598306,5.1187663,-0.07230905,0.11476747,-0.120098725,0.027631206,-0.48811063,-0.17725407,2016-12-08 23:22:51,NaN
8.149862,1.9249382,4.8458643,0.017086059,-0.020859577,-0.036704082,13.0,8.248525,2.1328619,4.8562484,-0.021834621,-0.13067083,-0.07550631,0.024901899,-0.501777,-0.17469631,2016-12-08 23:22:52,NaN
8.0924015,1.5801731,4.951209,-0.087313935,0.010666298,0.079106495,16.0,8.200114,2.083665,4.9585156,-0.08238714,-0.5037047,-0.055190504,0.02098236,-0.49673516,-0.17800078,2016-12-08 23:22:53,NaN
7.6135616,1.6663644,5.841852,-0.09131103,0.11972708,0.16040154,16.0,7.9107533,1.413684,5.6206636,-0.119914584,0.09817453,0.072641574,-0.009573444,-0.46188116,-0.1740778,2016-12-08 23:22:54,NaN
7.824251,1.5705963,5.889736,0.060635116,-0.097327165,-0.19233388,16.0,7.585738,1.0439061,6.1267633,0.041656617,0.46795255,-0.1882919,0.0022869804,-0.4331475,-0.11816039,2016-12-08 23:22:55,NaN
7.6614456,0.91937345,5.861006,0.036721528,-0.14525174,0.007784566,16.0,7.641957,0.94879615,6.0721226,-0.014562233,-0.07709392,-0.25623444,-0.027124139,-0.43551368,-0.16615093,2016-12-08 23:22:56,NaN
7.4603324,1.5705963,5.9280434,0.18689045,0.16594607,0.0561269,16.0,7.5229216,1.6394742,6.0735636,-0.15431377,0.06306924,0.06921321,-0.0013912669,-0.4362711,-0.19440253,2016-12-08 23:22:57,NaN
9.021352,1.9536686,3.1028855,0.5489102,-0.6036545,0.29248783,13.0,8.379099,1.7815661,4.773586,0.84187615,-0.051782094,-1.5047026,0.015977303,-0.5063197,-0.152624,2016-12-08 23:22:58,NaN
8.073248,2.4420857,4.807557,-0.16700035,0.28181756,-0.050627097,13.0,8.357233,2.108259,4.677851,-0.28036684,0.3025425,0.17099255,0.067120805,-0.5069425,-0.09901382,2016-12-08 23:22:59,NaN
8.00621,2.2026656,4.903325,-0.2352737,-0.070547625,-0.11797224,13.0,8.0566435,2.3362477,5.0796485,-0.10236044,-0.08889035,-0.080980964,0.06176875,-0.48702633,-0.13542734,2016-12-08 23:23:00,NaN
8.283937,1.8483237,4.7500963,-0.17212082,-0.23386006,0.12293369,13.0,8.143714,2.1063662,5.041185,0.17831816,-0.30848023,-0.32854474,0.035200976,-0.49166244,-0.15716292,2016-12-08 23:23:01,NaN
8.714894,1.7429788,3.9839516,0.13212271,0.07183736,-0.09485844,13.0,8.801259,1.6706785,3.989621,-0.08423683,0.113586895,0.08286307,0.009349276,-0.5445169,-0.14224225,2016-12-08 23:23:02,NaN
8.485051,1.7429788,4.5394063,-0.03530661,0.02194117,0.07666569,13.0,8.593838,1.8765491,4.3353124,-0.06749986,-0.18762602,0.14578193,0.02436533,-0.5276049,-0.14268625,2016-12-08 23:23:03,NaN
8.485051,1.8291701,4.5202527,0.07402093,0.020623315,0.02734033,13.0,8.470079,1.9344482,4.5481915,0.056257922,-0.082081005,-0.08071744,0.022940842,-0.5172819,-0.1533423,2016-12-08 23:23:04,NaN
8.274361,2.4229321,4.55856,0.20848125,0.014677434,-0.073407665,13.0,8.290923,2.3504162,4.680444,-0.064232774,0.10124626,-0.035905126,0.05000112,-0.5087865,-0.15241382,2016-12-08 23:23:05,NaN
8.552089,2.384625,4.1659107,-0.1337882,-0.071094856,-0.07584539,13.0,8.566561,2.496704,4.068279,6.376225E-4,-0.09952293,0.0042052325,0.051382616,-0.5384564,-0.15756978,2016-12-08 23:23:06,NaN
8.772355,2.6240451,3.1411927,0.1612057,-0.08433797,0.048515186,13.0,8.823296,2.6694782,3.3457055,-0.010931027,-0.0407511,-0.25388658,0.12162569,-0.5609133,-0.06565703,2016-12-08 23:23:07,NaN
8.810662,2.5953147,2.9783869,-0.041842755,-0.026112746,-0.024881175,13.0,8.923982,2.6008089,3.1254957,-0.09799684,-0.012942822,-0.1835008,0.12932605,-0.56913877,-0.048811562,2016-12-08 23:23:08,NaN
8.791509,2.566584,3.0933087,0.11067692,0.027947577,0.028248569,13.0,8.912534,2.5953076,3.1625159,-0.12740977,-0.034682255,-0.029836077,0.12458154,-0.5685386,-0.054965086,2016-12-08 23:23:09,NaN
8.801085,2.5761611,3.083732,0.063360944,0.015401786,0.019326502,13.0,8.8926735,2.6054647,3.209719,-0.09392919,-0.058459673,-0.13152044,0.118962556,-0.56762457,-0.0638222,2016-12-08 23:23:10,NaN
8.695741,2.5761611,3.4093432,-0.04323057,0.07266811,-0.0017500304,13.0,8.853573,2.6050255,3.316395,-0.16379166,-0.05802053,0.2385155,0.12073405,-0.5624359,-0.06105036,2016-12-08 23:23:11,NaN
8.686164,2.7006595,3.4476504,0.088970415,-0.061017767,-0.04780068,13.0,8.823933,2.8014448,3.2342708,-0.038808513,-0.25443983,-0.07435015,0.13388957,-0.5631799,-0.06029552,2016-12-08 23:23:12,NaN
8.781932,2.6240451,3.2944214,0.11514649,0.055125333,0.043246485,13.0,8.821572,2.7288995,3.3020253,-0.07730861,0.036031075,0.06220061,0.12692942,-0.5617228,-0.06351912,2016-12-08 23:23:13,NaN
8.676587,2.585738,3.5913026,0.038863663,-0.010829122,0.006424832,13.0,8.71546,2.6372385,3.6408963,-0.025678646,-0.035751957,-0.085985504,0.12311137,-0.5470005,-0.05994379,2016-12-08 23:23:14,NaN
8.6095495,2.6527755,3.715801,0.06770977,0.022184577,0.035569623,13.0,8.679984,2.6219213,3.735478,-0.08554533,-0.006814538,-0.003502767,0.119151235,-0.543458,-0.06434891,2016-12-08 23:23:15,NaN
8.619126,2.6240451,3.715801,0.017398167,0.018441414,0.0069736745,13.0,8.685966,2.6436908,3.7061174,-0.03704528,0.012276934,-0.0013829009,0.12314047,-0.5439458,-0.060393196,2016-12-08 23:23:16,NaN
8.619126,2.6623523,3.6966474,0.046019126,0.022338716,0.019064657,13.0,8.664137,2.6581953,3.7466164,-0.04245718,0.011392825,-0.041881904,0.118654944,-0.543044,-0.06855971,2016-12-08 23:23:17,NaN
8.599973,2.719813,3.7445314,-0.045019314,-0.016200865,-0.026737127,13.0,8.641348,2.7513323,3.7319794,-0.046908896,-0.013642377,0.013616191,0.12868115,-0.54144543,-0.062179085,2016-12-08 23:23:18,NaN
8.599973,2.7485435,3.667917,-0.20967188,-0.064715914,-0.088503376,13.0,8.653305,2.721034,3.7264829,-0.05886577,0.0438964,-0.07622955,0.11120316,-0.54556036,-0.08588801,2016-12-08 23:23:19,NaN
8.6095495,2.6623523,3.7445314,0.22229028,0.08785797,0.10618002,13.0,8.647229,2.7426386,3.72475,-0.05278965,-0.10029107,-0.006395345,0.12090509,-0.54357386,-0.0732226,2016-12-08 23:23:20,NaN
8.561666,2.825158,3.7541082,0.023325482,-0.017287856,-0.02323534,13.0,8.5975895,2.8279157,3.775543,-0.003150703,0.005116567,-0.070808515,0.13045631,-0.53896385,-0.066743016,2016-12-08 23:23:21,NaN
8.571242,3.0262709,3.6966474,-0.035358883,-0.00861064,-0.010301442,13.0,8.582787,2.8502302,3.7924051,-0.02920843,0.14624622,-0.07405025,0.10749584,-0.54321796,-0.1040334,2016-12-08 23:23:22,NaN
8.532935,2.873042,3.7445314,0.0016848448,0.0013992696,-0.010696385,13.0,8.570211,2.935204,3.7558553,-0.043873746,-0.047690544,-0.037500434,0.1306417,-0.53984946,-0.076839715,2016-12-08 23:23:23,NaN
8.552089,2.9113493,3.7541082,-0.092323646,-0.029358821,-0.015703337,13.0,8.576791,2.9354703,3.7405968,-0.023212949,-0.03433622,-0.00862162,0.12861137,-0.54105616,-0.07998304,2016-12-08 23:23:24,NaN
8.542512,2.8538885,3.7541082,0.043191735,7.3469116E-4,0.0064254235,13.0,8.583864,2.887183,3.7618947,-0.057526514,-0.02690983,-0.0026789287,0.12271217,-0.5414226,-0.08434442,2016-12-08 23:23:25,NaN
8.532935,2.7964275,3.7349546,0.0019420892,-0.016786285,7.4253726E-4,13.0,8.590897,2.891438,3.7425218,-0.03731879,-0.058405843,-0.010546542,0.12763661,-0.5411963,-0.07722836,2016-12-08 23:23:26,NaN
8.542512,2.9113493,3.7924154,0.1322315,0.05348924,0.06507836,13.0,8.594355,2.871873,3.7496402,-0.054396596,0.029261012,0.06405695,0.109620176,-0.5447982,-0.10276965,2016-12-08 23:23:27,NaN
8.561666,2.9113493,3.7253778,-0.0848605,-0.03331751,-0.061453905,13.0,8.59372,2.8611522,3.759277,-0.053762298,0.026361367,-0.013681449,0.12650156,-0.5406733,-0.0760379,2016-12-08 23:23:28,NaN
8.561666,2.882619,3.7445314,-0.1271743,-0.045756306,-0.049757767,13.0,8.5869055,2.9001143,3.744969,-0.019706441,-0.012600733,-0.040234644,0.12841739,-0.54089624,-0.076868616,2016-12-08 23:23:29,NaN
8.523358,2.9592333,3.7445314,0.010984793,0.008542753,0.02483907,13.0,8.568879,2.931741,3.761596,-0.042541143,-0.030607125,-0.016000416,0.13370715,-0.5388269,-0.07179099,2016-12-08 23:23:30,NaN
8.513782,2.9017725,3.7732618,0.06283152,0.03371627,0.061325423,13.0,8.5630455,2.9254029,3.779769,-0.036708597,-0.03788907,-0.0069327937,0.13095683,-0.5386425,-0.075388394,2016-12-08 23:23:31,NaN
8.532935,2.777274,3.8019924,0.097578555,0.034293476,0.057217777,13.0,8.5795965,2.9092567,3.7546136,-0.05325935,-0.15794644,-0.0090181595,0.13047358,-0.53994864,-0.07459279,2016-12-08 23:23:32,NaN
8.552089,2.9592333,3.7445314,-0.02548339,0.01587235,0.026383175,13.0,8.57765,2.9510555,3.7263386,-0.0513124,-0.03630125,0.019256698,0.1296663,-0.541476,-0.07987974,2016-12-08 23:23:33,NaN
8.542512,2.882619,3.7541082,-0.19041263,-0.060708463,-0.07254915,13.0,8.579511,2.8950887,3.7657464,-0.05317289,-0.062056378,-0.020150783,0.12951544,-0.53965366,-0.074685216,2016-12-08 23:23:34,NaN
8.513782,2.7389667,3.8498764,-0.13821965,-0.011502563,-0.024490235,13.0,8.582011,2.8983338,3.7575426,-0.06929468,-0.14702351,0.06977519,0.121688165,-0.54185843,-0.086980954,2016-12-08 23:23:35,NaN
8.532935,2.8634653,3.7541082,0.21098003,0.063463695,0.086273335,13.0,8.58746,2.8834245,3.7565646,-0.061122805,-0.050392337,-0.024589615,0.12086343,-0.5420891,-0.0868026,2016-12-08 23:23:36,NaN
8.552089,2.920926,3.7253778,0.28272656,0.083687045,0.09981647,13.0,8.593892,2.8415282,3.7737417,-0.040314034,0.04598551,-0.055386696,0.12368459,-0.540643,-0.07845638,2016-12-08 23:23:37,NaN
8.542512,2.9400797,3.7828386,-0.018739441,-0.0247255,-0.011584875,13.0,8.58323,2.9613204,3.705285,-0.05689222,-0.03294563,0.013070013,0.12647344,-0.54321957,-0.0857343,2016-12-08 23:23:38,NaN
8.561666,2.9017725,3.7541082,-0.19025275,-0.058967754,-0.06766696,13.0,8.582897,2.92946,3.731291,-0.015698647,-0.055566676,6.841764E-4,0.12532216,-0.5422651,-0.08442574,2016-12-08 23:23:39,NaN
8.542512,2.777274,3.8115692,-0.031849593,-0.016096702,-0.030330746,13.0,8.600472,2.7906756,3.7966278,-0.0060337204,-0.012124803,-0.02379155,0.11731532,-0.54098326,-0.083317764,2016-12-08 23:23:40,NaN
8.542512,2.7006595,3.8019924,-0.06558267,-0.024591891,-0.023536412,13.0,8.605456,2.7752955,3.7966113,-0.03825818,-0.07846664,-0.02377492,0.12386823,-0.5395214,-0.07177802,2016-12-08 23:23:41,NaN
8.542512,2.930503,3.7062242,0.022405386,0.009940164,0.004368133,13.0,8.584464,2.8936205,3.755572,-0.017265685,0.034754373,-0.050837714,0.12659991,-0.5408249,-0.07901891,2016-12-08 23:23:42,NaN
8.513782,2.825158,3.7541082,-0.22177817,-0.07184584,-0.092082575,13.0,8.595388,2.839147,3.7721276,-0.06905111,-0.03335547,-0.053772688,0.121538095,-0.5412057,-0.08151353,2016-12-08 23:23:43,NaN
8.523358,2.7868507,3.8115692,-0.16763853,-0.0533528,-0.06729442,13.0,8.589067,2.8582249,3.772115,-0.062729746,-0.06605357,0.014341517,0.12138974,-0.54123944,-0.08357884,2016-12-08 23:23:44,NaN
8.542512,2.815581,3.763685,0.2712698,0.07500834,0.11154165,13.0,8.601587,2.8059878,3.782792,-0.048009567,-0.013816539,-0.023576235,0.11144543,-0.5428731,-0.093741834,2016-12-08 23:23:45,NaN
8.561666,2.8538885,3.763685,0.055584196,0.0073824506,-0.0017407765,13.0,8.605172,2.7983665,3.7802837,-0.037973866,0.07552688,-0.021067727,0.12217953,-0.5406769,-0.076602705,2016-12-08 23:23:46,NaN
8.561666,2.9017725,3.7253778,-0.032950617,-0.012441039,-0.022886196,13.0,8.589326,2.8737586,3.7597044,-0.022127245,1.3467384E-4,-0.027729096,0.1282155,-0.54024917,-0.07462628,2016-12-08 23:23:47,NaN
8.552089,2.7581203,3.8307228,0.29208592,0.09731882,0.14040798,13.0,8.598855,2.8256497,3.7743585,-0.07251771,-0.10158045,0.039338894,0.11825755,-0.5418269,-0.085230224,2016-12-08 23:23:48,NaN
8.542512,2.777274,3.7924154,0.037960246,0.012905629,0.0256407,13.0,8.601285,2.8324485,3.7637112,-0.047706965,-0.053897593,-0.004495363,0.13094845,-0.5394039,-0.06644264,2016-12-08 23:23:49,NaN
8.561666,2.7964275,3.7062242,-0.1354321,-0.04631128,-0.09738261,13.0,8.598179,2.824345,3.776874,-0.0037401086,0.008687086,-0.07213946,0.10587918,-0.54426336,-0.103954,2016-12-08 23:23:50,NaN
8.542512,2.8921957,3.763685,-0.017966071,-0.01092584,-0.033636454,13.0,8.583677,2.8567033,3.785515,-0.04371912,0.044430524,-0.012678877,0.124155805,-0.5399794,-0.07919565,2016-12-08 23:23:51,NaN
8.542512,2.873042,3.8019924,0.006176179,-0.0016234261,0.002627362,13.0,8.58376,2.8377864,3.799529,-0.0574226,0.036106724,0.014168187,0.12704971,-0.5386429,-0.072911695,2016-12-08 23:23:52,NaN
8.532935,2.7581203,3.7828386,0.1097139,0.03618333,0.052412752,13.0,8.591688,2.7968547,3.8119397,-0.038109373,-0.04554449,-0.05272398,0.12796769,-0.53783774,-0.06752546,2016-12-08 23:23:53,NaN
8.552089,2.7485435,3.7828386,0.039380267,0.005750584,0.017985467,13.0,8.584141,2.7819674,3.8397372,-0.030561818,-0.0034165173,-0.08052124,0.12392052,-0.53746766,-0.07230983,2016-12-08 23:23:54,NaN
8.523358,2.825158,3.7828386,-0.0708103,-0.034065504,-0.055031534,13.0,8.586653,2.8079414,3.815136,-0.06031476,0.025090694,-0.042299643,0.11042375,-0.5415614,-0.09555222,2016-12-08 23:23:55,NaN
8.532935,2.815581,3.7924154,-0.028671762,-0.0015744983,-0.005810233,13.0,8.586122,2.8062901,3.8175464,-0.032542855,0.026742112,-0.0038490116,0.12285512,-0.5387633,-0.07631812,2016-12-08 23:23:56,NaN
8.542512,2.7389667,3.8019924,0.038087036,0.016395846,0.036500946,13.0,8.587753,2.7677622,3.8419223,-0.06141626,-0.043692518,-0.055465672,0.12166167,-0.53788006,-0.07442478,2016-12-08 23:23:57,NaN
8.552089,2.7868507,3.821146,0.031103285,0.0038682937,0.025275888,13.0,8.589081,2.7840827,3.8271365,-0.06274305,-0.046392646,0.013801575,0.12213972,-0.5384722,-0.07527084,2016-12-08 23:23:58,NaN
8.561666,2.767697,3.8115692,-0.17712913,-0.059598505,-0.08978701,13.0,8.590824,2.7977872,3.813204,-0.050865978,-0.06009737,-0.040367655,0.12136466,-0.5393064,-0.077792,2016-12-08 23:23:59,NaN
8.542512,2.767697,3.7924154,0.01318252,0.0022419437,0.0034539474,13.0,8.579393,2.8128033,3.8278625,-0.053056505,-0.034252465,-0.05502632,0.12262877,-0.53832656,-0.07729429,2016-12-08 23:24:00,NaN
8.542512,2.815581,3.8115692,0.0012961855,0.008719855,-0.008083019,13.0,8.580952,2.7902308,3.8408682,-0.081855096,0.04280155,-0.013550516,0.11577817,-0.53922695,-0.08566867,2016-12-08 23:24:01,NaN
8.494628,2.777274,3.86903,0.0,-0.0,-0.0,13.0,8.585711,2.7807863,3.8370817,-0.059372876,-0.0022354196,0.0038564936,0.12587331,-0.53713983,-0.06917743,2016-12-08 23:24:02,NaN
8.504205,2.7868507,3.7924154,0.114524595,0.038364965,0.053966902,13.0,8.586695,2.807853,3.8151076,-0.087597854,-0.08378355,-0.015030682,0.12862894,-0.5375298,-0.06756311,2016-12-08 23:24:03,NaN
8.513782,2.7868507,3.8402996,0.032195266,-0.010976612,-0.0059222234,13.0,8.565638,2.836661,3.841039,-0.052921005,-0.030869614,-1.0100538E-4,0.124988325,-0.5371586,-0.075957365,2016-12-08 23:24:04,NaN
8.542512,2.7581203,3.8115692,0.2787731,0.08895473,0.13801268,13.0,8.573358,2.8169408,3.83833,-0.047020294,-0.052010294,-0.06549389,0.11665142,-0.53915864,-0.08690613,2016-12-08 23:24:05,NaN
8.523358,2.7102363,3.7924154,-0.320252,-0.10955429,-0.1267141,13.0,8.5828495,2.8005097,3.8291278,-0.056512304,-0.090060435,-0.015430547,0.114639096,-0.54002476,-0.08840022,2016-12-08 23:24:06,NaN
8.523358,2.72939,3.8307228,0.05270643,0.025857223,0.021529369,13.0,8.596692,2.7145689,3.8598442,-0.07035462,0.009500741,-0.018906295,0.12210321,-0.53692967,-0.06858286,2016-12-08 23:24:07,NaN
8.504205,2.7485435,3.8594532,-0.053965554,-0.018918246,-0.031203922,13.0,8.586063,2.761388,3.8502805,-0.08696605,0.0035424626,0.004277973,0.12479295,-0.5367654,-0.06895767,2016-12-08 23:24:08,NaN
8.513782,2.7485435,3.916914,0.009227358,0.0071034245,0.012267828,13.0,8.5664625,2.7627978,3.8926928,-0.053745672,-0.011487595,-0.024513965,0.12282617,-0.53520244,-0.07211252,2016-12-08 23:24:09,NaN
8.504205,2.7389667,3.7828386,0.081694394,0.030193593,0.029635996,13.0,8.570893,2.743751,3.8964112,-0.07179613,-0.0060611544,-0.02823246,0.12078307,-0.53549016,-0.07343748,2016-12-08 23:24:10,NaN
8.513782,2.681506,3.8402996,0.039390653,0.0023201702,0.013544414,13.0,8.58049,2.7137449,3.896303,-0.06777254,-0.030536255,-0.055365086,0.11746086,-0.5362339,-0.07568593,2016-12-08 23:24:11,NaN
8.494628,2.7102363,3.8498764,-0.024719156,0.0012274703,-0.0027102348,13.0,8.577254,2.742417,3.8833315,-0.07815738,-0.05920869,-0.04239358,0.12375633,-0.535434,-0.06869356,2016-12-08 23:24:12,NaN
8.494628,2.6910827,3.9073372,-0.038968593,-0.019731972,-0.01951719,13.0,8.574576,2.7520196,3.882448,-0.048239008,-0.041570365,0.026591849,0.12456229,-0.53528917,-0.06837328,2016-12-08 23:24:13,NaN
8.504205,2.6910827,3.8402996,0.043913182,0.006981812,0.028917683,13.0,8.570412,2.732712,3.9052157,-0.05769444,0.0049777366,-0.07789802,0.11970357,-0.5353134,-0.074041076,2016-12-08 23:24:14,NaN
8.523358,2.72939,3.8594532,0.11040791,0.027754387,-0.0031461315,13.0,8.582357,2.7382586,3.8749793,-0.056020163,0.04029221,-0.020420961,0.11882722,-0.5369462,-0.075944826,2016-12-08 23:24:15,NaN
8.494628,2.7964275,3.8402996,-0.02321382,0.012871928,0.0032692952,13.0,8.558149,2.80195,3.882981,-0.08629351,0.00384153,-0.014802485,0.12637243,-0.5348392,-0.07040886,2016-12-08 23:24:16,NaN
8.456321,2.7581203,3.9839516,0.22068761,0.04505875,0.057607602,13.0,8.55698,2.7697096,3.9086041,-0.09874419,-0.018399399,0.041296653,0.102179214,-0.5387727,-0.10476327,2016-12-08 23:24:17,NaN
8.465898,2.7485435,3.9743748,0.07395278,0.0012032746,0.026544534,13.0,8.544951,2.772028,3.933201,-0.100335345,-0.03433809,0.030319905,0.12667602,-0.53236806,-0.0669621,2016-12-08 23:24:18,NaN
8.494628,2.7964275,3.916914,0.025100399,0.013217975,0.007318657,13.0,8.5526905,2.7312589,3.9448829,-0.08083423,0.047292132,-0.049463544,0.12294555,-0.5326832,-0.068815485,2016-12-08 23:24:19,NaN
8.523358,2.6048915,3.8977604,0.11309177,0.06518284,0.10955153,13.0,8.556992,2.6683118,3.9784932,-0.057894792,-0.053205103,-0.08307381,0.11316764,-0.5332413,-0.077979945,2016-12-08 23:24:20,NaN
8.446744,2.6048915,4.1659107,0.20892511,0.06432361,-0.16347232,13.0,8.460621,2.7879508,4.100684,0.038475987,0.0859427,-0.15078358,0.13008754,-0.5234506,-0.06286983,2016-12-08 23:24:21,NaN
4.1180267,1.8770541,7.0485296,-1.3135688,1.168682,-1.1938475,11.0,7.992252,-0.0051940614,5.6828055,-3.7563236,1.8303206,1.2635715,0.025041645,-0.4578542,0.04910885,2016-12-08 23:24:22,NaN
-2.9017725,0.6991069,10.697293,-1.0538396,1.4457328,0.6828698,19.0,-3.408413,0.5771047,9.17715,-0.36442307,-0.0050501134,1.0381109,0.02545094,0.17733543,0.02477164,2016-12-08 23:24:23,NaN
-1.4748282,1.6663644,11.061212,-0.7106962,0.48950785,0.054430448,85.0,0.943367,3.264903,9.19896,-1.0931909,-1.4261563,0.26718128,0.16702422,-0.05555592,-0.039196853,2016-12-08 23:24:24,NaN
-0.91937345,-1.4748282,9.710882,-1.1646451,1.1815284,1.0225639,55.0,1.6101532,-0.43182144,9.6639185,-2.6452994,-0.9710744,0.29255566,-0.0097803725,-0.084744476,0.14605458,2016-12-08 23:24:25,NaN
-1.0726024,-1.4652514,9.77792,-0.0010843521,-0.011027547,0.046540737,11.0,-1.0715048,-1.4112469,9.64524,-0.045363575,-0.03250991,0.21589133,-0.07893055,0.04471693,0.13300148,2016-12-08 23:24:26,NaN
-1.0534488,-1.388637,9.730036,-0.031177979,-0.0141035905,0.043642063,11.0,-1.0704474,-1.4651356,9.637319,-0.01918032,-0.06034334,0.14209089,-0.082064286,0.04357716,0.14172816,2016-12-08 23:24:27,NaN
-1.1587936,-1.4556746,9.749189,-0.0012051833,-0.0028608558,0.018004145,16.0,-1.118514,-1.3322203,9.65114,-0.03921565,-0.057055157,0.11464901,-0.075830825,0.046674136,0.14556985,2016-12-08 23:24:28,NaN
-1.3311762,-1.3790601,9.691729,-0.008052618,0.006881703,0.039455414,16.0,-1.163189,-1.364192,9.641388,0.2914869,-0.038703766,0.17888261,-0.07787504,0.048595324,0.14697869,2016-12-08 23:24:29,NaN
-1.3503298,-1.541866,9.701305,0.04025012,0.017673362,-0.068350635,16.0,-1.2609808,-1.4696574,9.613554,-0.1555352,-0.11030287,0.124994785,-0.083832376,0.05307818,0.14347406,2016-12-08 23:24:30,NaN
-1.7812861,-1.5801731,9.471462,-0.01918543,0.035181694,0.12193898,29.0,-1.30885,-1.5643026,9.592197,-0.43455446,0.10692542,0.29617438,-0.08933006,0.054352157,0.14873427,2016-12-08 23:24:31,NaN
-1.4460979,-1.6663644,9.701305,-0.009667129,-0.008014431,0.04008261,29.0,-1.4141977,-1.6282618,9.566567,-0.0023184477,-0.047040973,0.13111995,-0.09395666,0.05842076,0.15723279,2016-12-08 23:24:32,NaN
-1.436521,-1.6567876,9.720459,0.018818686,0.017689083,-0.082145095,29.0,-1.4127607,-1.6256372,9.567226,-0.030996079,-0.022424856,0.15770224,-0.093492694,0.05887596,0.15191339,2016-12-08 23:24:33,NaN
-1.4269443,-1.6663644,9.691729,0.013816269,0.0055322913,-0.06092967,29.0,-1.4029396,-1.6339958,9.567246,-0.013576495,-0.014066247,0.13044077,-0.09379458,0.058384668,0.15115818,2016-12-08 23:24:34,NaN
-1.4460979,-1.6376339,9.701305,-0.012765981,-0.011983507,0.08858553,29.0,-1.4049481,-1.6137521,9.570389,-0.038808618,-0.034309927,0.1272992,-0.0927925,0.058613896,0.15144296,2016-12-08 23:24:35,NaN
-1.4269443,-1.6472107,9.691729,0.017959973,0.019943822,-0.1265579,29.0,-1.4134394,-1.6296946,9.566435,-0.030317513,-0.03198774,0.13125297,-0.094000444,0.058408055,0.15684505,2016-12-08 23:24:36,NaN
-1.4556746,-1.6567876,9.701305,0.0066234954,0.011154918,-0.05212072,29.0,-1.4129909,-1.6277485,9.566833,-0.030765908,-0.047554314,0.15809545,-0.09351737,0.059006866,0.1504928,2016-12-08 23:24:37,NaN
-1.436521,-1.6472107,9.710882,-0.006999047,-0.010540441,0.056371823,29.0,-1.406933,-1.6275507,9.567759,-0.023203492,-0.020511262,0.14354903,-0.093600005,0.058473196,0.15287617,2016-12-08 23:24:38,NaN
-1.4269443,-1.6567876,9.691729,-0.0032040533,-0.0032230136,0.0071324487,29.0,-1.4095758,-1.6257019,9.567684,-0.020560622,-0.022360118,0.1300035,-0.0932624,0.05904241,0.14845224,2016-12-08 23:24:39,NaN
-1.4269443,-1.6567876,9.691729,-0.003315712,-0.005431699,0.014068453,29.0,-1.4133985,-1.6348153,9.565567,-0.003117658,-0.013246774,0.13212003,-0.0936088,0.05940711,0.14595334,2016-12-08 23:24:40,NaN
-1.436521,-1.6472107,9.691729,0.0057787504,0.0091478,-0.042592447,29.0,-1.4037791,-1.6318587,9.567489,-0.026357314,-0.029823814,0.13019885,-0.094299816,0.05745783,0.16145153,2016-12-08 23:24:41,NaN
-1.4460979,-1.6759412,9.710882,-0.010764346,-0.004733751,0.052179974,29.0,-1.4106725,-1.6222551,9.568107,-0.033084355,-0.053047672,0.12958035,-0.093235105,0.0589025,0.15078774,2016-12-08 23:24:42,NaN
-1.4269443,-1.6472107,9.701305,-0.0023873476,-0.008742264,0.0622546,29.0,-1.4076215,-1.6291182,9.56739,-0.008894606,-0.0053234617,0.13029695,-0.09357445,0.05867416,0.15100871,2016-12-08 23:24:43,NaN
-1.4077905,-1.6567876,9.701305,4.625798E-5,-0.0054749725,0.037423734,29.0,-1.4072833,-1.625305,9.568089,-0.009232745,-0.022756971,0.12959863,-0.09294617,0.05936531,0.14384088,2016-12-08 23:24:44,NaN
-1.4460979,-1.6472107,9.720459,0.021970445,0.016339254,-0.067932114,29.0,-1.4057072,-1.613748,9.570276,-0.010808927,-0.03431398,0.16827165,-0.09270434,0.058801487,0.14986596,2016-12-08 23:24:45,NaN
-1.436521,-1.6472107,9.701305,0.009849098,0.011383925,-0.057046685,29.0,-1.4100578,-1.6257616,9.567603,-0.020078665,-0.035920817,0.13008413,-0.09309071,0.05934745,0.14548779,2016-12-08 23:24:46,NaN
-1.436521,-1.6376339,9.720459,0.0073393993,0.009809906,-0.022217777,29.0,-1.405571,-1.624391,9.568497,-0.038185854,-0.023671007,0.14281164,-0.09241084,0.060022708,0.13600273,2016-12-08 23:24:47,NaN
-1.4077905,-1.6663644,9.682152,-6.772685E-4,-0.0063443873,0.014060895,29.0,-1.4055454,-1.628034,9.56788,-0.010970826,-0.03364851,0.11618695,-0.09276629,0.05973513,0.13877979,2016-12-08 23:24:48,NaN
-1.4269443,-1.6472107,9.701305,-0.002725512,-0.0014483349,0.006177187,29.0,-1.4082093,-1.6086421,9.570769,-0.035547554,-0.0530403,0.12691846,-0.09242363,0.05902967,0.14920262,2016-12-08 23:24:49,NaN
-1.4173675,-1.6567876,9.710882,0.001793283,0.006944901,-0.06868,29.0,-1.4109704,-1.6125875,9.569698,-0.01916598,-0.035474505,0.1279892,-0.09193533,0.06024211,0.13746369,2016-12-08 23:24:50,NaN
-1.436521,-1.6472107,9.691729,0.0023691757,-0.0039396607,0.013908373,29.0,-1.4016418,-1.6190202,9.5699835,-0.028494636,-0.0018010548,0.12770405,-0.09257461,0.05913236,0.14374565,2016-12-08 23:24:51,NaN
-1.4460979,-1.6472107,9.701305,-0.0049105394,0.0047378945,-0.020160222,29.0,-1.4111074,-1.6056217,9.570848,-0.032649364,-0.042440344,0.12683865,-0.09160631,0.06025625,0.13790236,2016-12-08 23:24:52,NaN
-1.4269443,-1.6376339,9.691729,-0.011065774,-0.00977398,0.07272904,29.0,-1.3983159,-1.6241431,9.569602,-0.031820644,-0.023918947,0.12808563,-0.09266828,0.059150007,0.14136909,2016-12-08 23:24:53,NaN
-1.4460979,-1.6280571,9.710882,-0.013130034,-0.021921363,0.114784524,29.0,-1.4058532,-1.6156945,9.569926,-0.03790362,-0.0051268544,0.12776059,-0.09246782,0.059323,0.14425409,2016-12-08 23:24:54,NaN
-1.436521,-1.6567876,9.701305,0.0048581646,0.009219657,-0.045134988,29.0,-1.4127628,-1.627732,9.566868,-0.003753306,-0.020330036,0.13081901,-0.093068644,0.05969638,0.14310624,2016-12-08 23:24:55,NaN
-1.4269443,-1.6376339,9.701305,-0.008800724,-0.011477608,0.054858647,29.0,-1.4087083,-1.6276197,9.567485,-0.021428209,-0.020442264,0.13020217,-0.09276777,0.059901115,0.13876007,2016-12-08 23:24:56,NaN
-1.4269443,-1.6472107,9.682152,0.019298097,0.022074403,-0.13671482,29.0,-1.4030241,-1.6112213,9.571095,-0.013492012,-0.036840674,0.12659176,-0.092522725,0.05873206,0.14935525,2016-12-08 23:24:57,NaN
-1.4173675,-1.6376339,9.710882,3.8329835E-4,-0.0029095763,-0.015159358,29.0,-1.4079729,-1.6222591,9.568504,-0.0085431645,-0.01218258,0.12918298,-0.093425274,0.058427453,0.15434152,2016-12-08 23:24:58,NaN
-1.436521,-1.6184803,9.701305,-0.015346241,-0.019675942,0.12351615,29.0,-1.404274,-1.6222371,9.569053,-0.039482817,-0.01220461,0.15587583,-0.09308143,0.058736727,0.14910422,2016-12-08 23:24:59,NaN
-1.4269443,-1.6472107,9.701305,-0.0011274384,-0.0094594285,0.077849075,29.0,-1.4032431,-1.6127104,9.570813,-0.013273063,-0.008110981,0.14049475,-0.092796616,0.058421887,0.15264186,2016-12-08 23:25:00,NaN
-1.436521,-1.6567876,9.691729,-0.0020056772,0.0013314881,0.013599238,29.0,-1.4029868,-1.6193439,9.569731,-0.027149664,-0.028718159,0.15519747,-0.092846625,0.058813512,0.14782774,2016-12-08 23:25:01,NaN
-1.4173675,-1.6376339,9.682152,-0.0023600182,-0.0021402042,0.003700229,29.0,-1.4000254,-1.6206295,9.569945,-0.016490791,-0.027432417,0.12774147,-0.092811115,0.05877607,0.14652786,2016-12-08 23:25:02,NaN
-1.4460979,-1.6280571,9.701305,0.008246133,0.0110511305,-0.029307278,29.0,-1.4045928,-1.6198583,9.569409,-0.03916411,-0.028203676,0.1282785,-0.0930268,0.058668382,0.15018526,2016-12-08 23:25:03,NaN
-1.4173675,-1.6376339,9.710882,-0.0029825757,-0.007203325,0.02313575,29.0,-1.4013368,-1.6229129,9.569367,-0.01517928,-0.011528746,0.12831923,-0.09354178,0.05786173,0.15668666,2016-12-08 23:25:04,NaN
-1.4173675,-1.6567876,9.691729,-0.013412146,-0.016096048,0.08076443,29.0,-1.4011954,-1.6211447,9.569688,-0.015320709,-0.026917415,0.12799917,-0.09336484,0.058005966,0.15524139,2016-12-08 23:25:05,NaN
-1.4460979,-1.6567876,9.710882,0.0015985365,0.0064005414,-0.053971067,29.0,-1.4027194,-1.6139297,9.570684,-0.013796796,-0.03413234,0.15424313,-0.09297961,0.05818675,0.15474683,2016-12-08 23:25:06,NaN
-1.4556746,-1.6472107,9.710882,0.0058215107,0.003981186,-0.011874136,29.0,-1.410387,-1.6107498,9.570094,-0.019749463,-0.023691893,0.15483418,-0.09256187,0.059104457,0.1494167,2016-12-08 23:25:07,NaN
-1.4173675,-1.6184803,9.720459,0.0045587425,-0.006745036,0.024521314,29.0,-1.3987504,-1.6227416,9.569775,-0.017765725,0.015540489,0.14153306,-0.09337328,0.05795426,0.1543477,2016-12-08 23:25:08,NaN
-1.4460979,-1.6184803,9.701305,0.008513775,0.0040110117,-0.031751443,29.0,-1.4034886,-1.6241994,9.568835,-0.013027512,0.016998418,0.14247246,-0.09355784,0.058070447,0.15553771,2016-12-08 23:25:09,NaN
-1.4173675,-1.6567876,9.691729,-0.016665842,-0.014449367,0.056647725,29.0,-1.4058889,-1.6116617,9.570602,0.0029931678,-0.036400385,0.12708555,-0.092533894,0.05892888,0.1487784,2016-12-08 23:25:10,NaN
-1.4269443,-1.6663644,9.710882,-0.014904321,-0.01759306,0.10145269,29.0,-1.3962365,-1.6248593,9.569783,-0.020279532,-0.036823113,0.14152475,-0.09362488,0.057543524,0.1571444,2016-12-08 23:25:11,NaN
-1.4077905,-1.6472107,9.710882,-0.014771334,-0.00875703,0.06616755,29.0,-1.3972094,-1.6163315,9.571085,-0.01930668,-0.045350894,0.1402229,-0.09263919,0.058552947,0.14771011,2016-12-08 23:25:12,NaN
-1.4269443,-1.6376339,9.710882,6.471864E-4,-0.004392625,0.029367248,29.0,-1.4010935,-1.6202925,9.569848,-0.015422649,-0.014149275,0.14145991,-0.09360415,0.057548515,0.1600604,2016-12-08 23:25:13,NaN
-1.436521,-1.6184803,9.739613,-0.0018737386,-0.009872412,0.05895179,29.0,-1.3954028,-1.6215602,9.570464,-0.021113347,0.014359079,0.1408439,-0.09327529,0.05780875,0.15418452,2016-12-08 23:25:14,NaN
-1.4173675,-1.6280571,9.701305,-0.009622874,-0.010853842,0.059637405,29.0,-1.4076722,-1.6062706,9.571246,-0.022464242,-9.305589E-4,0.14006163,-0.092622735,0.058508992,0.15463246,2016-12-08 23:25:15,NaN
-1.4173675,-1.6567876,9.691729,-4.173836E-4,-0.0042537884,0.0208501,29.0,-1.4007943,-1.6170483,9.57044,-0.01572182,-0.017393397,0.12724766,-0.09297169,0.058306336,0.152195,2016-12-08 23:25:16,NaN
-1.4173675,-1.6472107,9.701305,0.013271078,0.021161584,-0.100996874,29.0,-1.4040041,-1.6245058,9.5687065,0.0011082535,-0.037176527,0.12898096,-0.09320089,0.05869724,0.14919664,2016-12-08 23:25:17,NaN
-1.4269443,-1.6376339,9.701305,0.010096042,0.009717111,-0.06417974,29.0,-1.4023043,-1.6259557,9.56871,-5.914842E-4,-0.022106359,0.12897764,-0.09334335,0.058469,0.1505743,2016-12-08 23:25:18,NaN
-1.4173675,-1.6376339,9.701305,-0.009252893,-0.013529692,0.06725745,29.0,-1.4080278,-1.6279911,9.567522,-0.022108749,-0.020070976,0.13016476,-0.09360066,0.058574922,0.15235755,2016-12-08 23:25:19,NaN
-1.436521,-1.6089035,9.720459,-0.0072460957,-0.013704143,0.08140138,29.0,-1.4012479,-1.6265363,9.568766,-0.028888578,0.00571491,0.12892194,-0.0935992,0.058033828,0.15453513,2016-12-08 23:25:20,NaN
-1.436521,-1.6280571,9.701305,0.0038049165,0.005543178,-0.03014085,29.0,-1.4059526,-1.6097373,9.570917,-0.010563583,-0.038324684,0.12677048,-0.09242731,0.058959976,0.14863497,2016-12-08 23:25:21,NaN
-1.4460979,-1.6376339,9.691729,0.0047725146,0.0034752227,-0.027852643,29.0,-1.3962821,-1.6245847,9.569823,-0.0066136704,-0.023477415,0.1278645,-0.09335854,0.057956934,0.1528494,2016-12-08 23:25:22,NaN
-1.436521,-1.6663644,9.691729,0.0043524005,0.0025682705,-0.023380877,29.0,-1.3956115,-1.6200349,9.570692,-0.007284234,-0.028027125,0.12699494,-0.09321254,0.05780951,0.1544132,2016-12-08 23:25:23,NaN
-1.4269443,-1.6376339,9.710882,0.003043854,2.1254145E-4,-0.007887672,29.0,-1.4025543,-1.6188656,9.569875,-0.013961812,-0.015576027,0.14143248,-0.093318,0.057999473,0.15622489,2016-12-08 23:25:24,NaN
-1.4173675,-1.6567876,9.701305,-9.7609044E-4,-0.004143872,0.020273857,29.0,-1.4032836,-1.6209537,9.569414,-0.013232538,-0.027108306,0.12827268,-0.092966385,0.058761448,0.1484119,2016-12-08 23:25:25,NaN
-1.4460979,-1.6376339,9.730036,0.016617605,0.013237521,-0.06273389,29.0,-1.4063162,-1.6161911,9.569775,-0.051061027,0.008990103,0.12791273,-0.09292079,0.058677085,0.15131418,2016-12-08 23:25:26,NaN
-1.436521,-1.6472107,9.720459,4.38998E-4,-0.0030545103,0.01155545,29.0,-1.4057896,-1.6224682,9.56879,-0.010726523,-0.011973398,0.14251736,-0.09336883,0.058393095,0.15351869,2016-12-08 23:25:27,NaN
-1.4173675,-1.6472107,9.691729,0.013818469,0.012529182,-0.07924735,29.0,-1.3974946,-1.6130528,9.571597,-0.005401294,-0.03500917,0.12609047,-0.09294782,0.05783688,0.1557095,2016-12-08 23:25:28,NaN
-1.4173675,-1.6376339,9.701305,-0.004578552,-0.0033879115,0.018682308,29.0,-1.4016359,-1.6238339,9.569168,-0.014880214,-0.024228198,0.12851875,-0.092912115,0.05895401,0.14526299,2016-12-08 23:25:29,NaN
-1.4269443,-1.6280571,9.691729,-0.003227215,-0.010731116,0.033020664,29.0,-1.3996022,-1.6229713,9.5696125,-0.016913934,-0.025090797,0.12807482,-0.09378631,0.057356082,0.16105501,2016-12-08 23:25:30,NaN
-1.4269443,-1.6567876,9.701305,-0.025231548,-0.024445252,0.15793902,29.0,-1.403264,-1.618366,9.569856,-0.013252073,-0.029696101,0.12783208,-0.09293896,0.05861346,0.1501716,2016-12-08 23:25:31,NaN
-1.4173675,-1.6663644,9.682152,0.0024602737,0.0050543644,-0.03114096,29.0,-1.4050552,-1.6221483,9.568952,-0.011460993,-0.03953415,0.115115374,-0.09340278,0.058267843,0.15446894,2016-12-08 23:25:32,NaN
-1.4269443,-1.6280571,9.701305,-0.0031117343,-0.002107656,-0.013289464,29.0,-1.4083089,-1.6200886,9.568823,-0.008207311,-0.027973503,0.12886459,-0.093357645,0.058396623,0.15502289,2016-12-08 23:25:33,NaN
-1.4269443,-1.6567876,9.701305,-0.010526413,-0.01013164,0.0729238,29.0,-1.3970224,-1.6237913,9.569849,-0.019493727,-0.024270702,0.1278379,-0.093514495,0.057693318,0.15608028,2016-12-08 23:25:34,NaN
-1.4460979,-1.6280571,9.691729,9.854329E-4,6.6179305E-4,0.022871643,26.0,-1.4001826,-1.6135693,9.571117,-0.043574266,-0.0072520203,0.15381083,-0.09377781,0.056697335,0.16906708,2016-12-08 23:25:35,NaN
-1.4269443,-1.6472107,9.701305,0.0662579,0.076073654,-0.46714398,26.0,-1.4042149,-1.6092694,9.57125,-0.01230125,-0.011551919,0.12643713,-0.08953683,0.063128576,0.10254045,2016-12-08 23:25:36,NaN
-1.3982137,-1.6376339,9.710882,0.017028144,0.014216372,-0.07802773,22.0,-1.3992302,-1.6015894,9.573268,-0.017285844,-0.0056116185,0.12441951,-0.091850236,0.058844972,0.14685817,2016-12-08 23:25:37,NaN
-1.3982137,-1.6184803,9.701305,0.008293954,0.00985199,-0.03313259,22.0,-1.3847964,-1.593026,9.576796,-0.031719744,-0.014174942,0.14813292,-0.09169061,0.057551544,0.15353863,2016-12-08 23:25:38,NaN
-1.340753,-1.5705963,9.710882,0.03938207,-0.02508713,-0.015860753,26.0,-1.3201303,-1.5563648,9.591944,-0.0010434106,-0.02359546,0.10574391,-0.08897797,0.05504477,0.14807504,2016-12-08 23:25:39,NaN
-1.4077905,-1.6567876,9.720459,-0.009600675,-0.018091844,0.06448385,29.0,-1.3898895,-1.6261863,9.570481,-0.013006314,-0.02187577,0.1272061,-0.09333793,0.057699874,0.15200426,2016-12-08 23:25:40,NaN
-1.4077905,-1.6663644,9.701305,-0.0032983636,7.252487E-4,-0.021573871,29.0,-1.3794293,-1.6320884,9.57099,-0.023466501,-0.015973711,0.12669733,-0.09357214,0.057092633,0.15232074,2016-12-08 23:25:41,NaN
-1.388637,-1.6567876,9.701305,-0.01898743,-0.020480983,0.11116212,29.0,-1.3841256,-1.6340877,9.569971,-0.018770168,-0.04121508,0.12771653,-0.09383371,0.057118423,0.15439083,2016-12-08 23:25:42,NaN
-1.3982137,-1.685518,9.701305,-2.3397098E-4,0.004241718,-0.019063653,29.0,-1.369261,-1.6287706,9.573015,-0.020014444,-0.019291509,0.124672234,-0.0935735,0.056178942,0.15675703,2016-12-08 23:25:43,NaN
-1.3982137,-1.6567876,9.691729,0.028072013,0.03331665,-0.16966796,29.0,-1.3681194,-1.6351286,9.572094,-0.021156056,-0.04017406,0.12559333,-0.09344763,0.05680289,0.14907956,2016-12-08 23:25:44,NaN
-1.3982137,-1.6663644,9.701305,-0.009432561,-0.0054979133,-9.518908E-5,29.0,-1.3881912,-1.6338228,9.569428,-0.0010842491,-0.027859507,0.12825939,-0.093307115,0.05821321,0.14508726,2016-12-08 23:25:45,NaN
-1.4269443,-1.6472107,9.730036,-0.015452985,-0.016745932,0.08488577,29.0,-1.3779944,-1.633897,9.570889,-0.038521707,-0.01416507,0.15403861,-0.09345528,0.05732902,0.14892621,2016-12-08 23:25:46,NaN
-1.388637,-1.6759412,9.701305,0.0010266618,0.0061870576,-0.025998512,29.0,-1.3740757,-1.6422979,9.570013,-0.015199752,-0.019384513,0.14129448,-0.093695804,0.057325233,0.14621587,2016-12-08 23:25:47,NaN
-1.4077905,-1.6663644,9.691729,0.0043613324,0.004288443,-0.032547113,29.0,-1.371898,-1.6362453,9.5713625,-0.030997742,-0.025437146,0.12632489,-0.09379597,0.05655646,0.15359205,2016-12-08 23:25:48,NaN
-1.3982137,-1.6376339,9.710882,2.578043E-4,2.418415E-4,0.004870001,29.0,-1.3755218,-1.6229717,9.573103,-0.013753669,-0.011470035,0.124584116,-0.09305365,0.056996796,0.1519738,2016-12-08 23:25:49,NaN
-1.3982137,-1.6663644,9.710882,0.0,0.0,-0.0,29.0,-1.3858238,-1.6415378,9.568451,-0.030692337,-0.02014465,0.12923618,-0.093807355,0.057836052,0.14718877,2016-12-08 23:25:50,NaN
-1.4077905,-1.6280571,9.710882,0.0034372122,0.009068462,-0.06441905,29.0,-1.3733006,-1.6259136,9.572922,-0.029595306,-0.022148443,0.13838568,-0.093519926,0.056310162,0.15777096,2016-12-08 23:25:51,NaN
-1.3982137,-1.6567876,9.691729,-0.011577483,-0.0118884165,0.067384735,29.0,-1.3691704,-1.6320179,9.572475,-0.02010506,-0.016044166,0.12521176,-0.093185775,0.057061624,0.14716162,2016-12-08 23:25:52,NaN
-1.388637,-1.6567876,9.701305,0.010430486,0.005102777,-0.07522477,29.0,-1.3702189,-1.6302937,9.572619,-0.0054362095,-0.01776822,0.12506795,-0.09351497,0.05645554,0.15423943,2016-12-08 23:25:53,NaN
-1.388637,-1.6663644,9.691729,-0.007254682,-0.008502048,0.082107104,29.0,-1.382909,-1.6284456,9.571109,-0.0199867,-0.033236798,0.12657845,-0.09378008,0.05669718,0.15861753,2016-12-08 23:25:54,NaN
-1.3982137,-1.6472107,9.701305,-2.787165E-4,-1.3972455E-4,-0.010913849,29.0,-1.3806168,-1.625318,9.57197,-0.008658717,-0.009123634,0.1529579,-0.09297403,0.05762919,0.14784318,2016-12-08 23:25:55,NaN
-1.4077905,-1.6663644,9.701305,-0.006144947,-0.0039619543,0.026184736,29.0,-1.3689729,-1.6249176,9.57371,-0.020302601,-0.02314447,0.123976424,-0.09275579,0.057209644,0.14604326,2016-12-08 23:25:56,NaN
-1.388637,-1.6567876,9.691729,-0.0025888057,-0.007624808,0.02455062,29.0,-1.3657583,-1.6371001,9.572095,-0.023517212,-0.010961994,0.1255925,-0.09299112,0.057546932,0.13981041,2016-12-08 23:25:57,NaN
-1.3790601,-1.6567876,9.691729,0.012140967,0.012626444,-0.07487309,29.0,-1.362572,-1.6315136,9.5735035,-0.013083107,-0.016548362,0.12418425,-0.0927917,0.057244275,0.1417151,2016-12-08 23:25:58,NaN
-1.388637,-1.6567876,9.691729,-0.015178634,-0.024494307,0.12536395,29.0,-1.3593293,-1.6313574,9.573991,-0.0027054271,-0.016704544,0.12369626,-0.09262054,0.057304308,0.13933629,2016-12-08 23:25:59,NaN
-1.388637,-1.6567876,9.701305,-0.007197218,-0.011327203,0.023133326,29.0,-1.371876,-1.6220586,9.57378,-0.017399425,-0.02600338,0.12390742,-0.09272542,0.057228062,0.14763832,2016-12-08 23:26:00,NaN
-1.3694834,-1.6472107,9.720459,0.013772865,-0.02196478,-0.023319358,26.0,-1.3525549,-1.5929534,9.581413,0.03138119,-6.2712707E-4,0.11627424,-0.09051528,0.057366073,0.13783449,2016-12-08 23:26:01,NaN
-1.3790601,-1.6089035,9.787497,-0.104948565,0.114514045,-8.80691E-4,26.0,-1.2972596,-1.5802207,9.591163,-0.1192566,0.0547418,0.10652452,-0.08879311,0.055700574,0.12607957,2016-12-08 23:26:02,NaN
-1.3503298,-1.6567876,9.691729,-0.0064299055,-0.016606063,0.06323201,19.0,-1.313967,-1.6428931,9.578349,0.020033982,-0.005168836,0.132958,-0.09263701,0.055303507,0.13519123,2016-12-08 23:26:03,NaN
-1.3311762,-1.6663644,9.691729,0.015929308,0.019130737,-0.120499134,19.0,-1.2976052,-1.6259621,9.583468,0.017292496,-0.035720162,0.11421922,-0.091837056,0.05426864,0.13858391,2016-12-08 23:26:04,NaN
-1.3694834,-1.7046716,9.758766,0.002998982,0.010740732,-0.014471662,22.0,-1.3067923,-1.6298114,9.581566,-0.014381421,-0.045491286,0.116121285,-0.09186534,0.055107918,0.13432007,2016-12-08 23:26:05,NaN
-1.4269443,-1.7046716,9.691729,-0.024721315,-0.056101713,0.117427945,26.0,-1.439711,-1.6733142,9.55498,0.10491695,0.02525228,0.14270689,-0.09510667,0.06153309,0.13494608,2016-12-08 23:26:06,NaN
-1.4269443,-1.6663644,9.682152,0.0073778913,0.011919951,-0.05115493,26.0,-1.4204144,-1.6564865,9.560798,0.0038983712,-0.018816203,0.13688931,-0.094802625,0.05956018,0.14642301,2016-12-08 23:26:07,NaN
-1.4269443,-1.685518,9.691729,-0.0035900583,-0.0062848795,0.028388722,29.0,-1.4073036,-1.6582452,9.562432,-0.022832932,-0.030677995,0.12163459,-0.09468158,0.05905126,0.14464232,2016-12-08 23:26:08,NaN
-1.4460979,-1.685518,9.691729,-0.0,0.0,0.0,26.0,-1.405581,-1.6613951,9.5621395,-0.010935184,-0.0139075685,0.13554838,-0.09475066,0.059066918,0.1433316,2016-12-08 23:26:09,NaN
-1.4269443,-1.6663644,9.691729,0.009667372,0.011110926,-0.042819303,26.0,-1.4066961,-1.6569178,9.562752,-0.009820072,-0.0047646067,0.1349357,-0.09463346,0.05899048,0.14505263,2016-12-08 23:26:10,NaN
-1.436521,-1.6567876,9.682152,0.010910281,0.012817628,-0.0554832,26.0,-1.416841,-1.6582052,9.561031,-0.013295406,-0.017097654,0.13665654,-0.09511026,0.05896742,0.15054195,2016-12-08 23:26:11,NaN
-1.436521,-1.685518,9.682152,0.033259314,0.04016318,-0.23079003,26.0,-1.4048543,-1.6615127,9.562225,-0.025282208,-0.013789937,0.13546194,-0.094341345,0.059681796,0.13653986,2016-12-08 23:26:12,NaN
-1.4460979,-1.6950948,9.701305,-0.0033128224,-0.0048907795,0.024186656,26.0,-1.413845,-1.6675699,9.559846,-0.029911933,-0.034973636,0.13784201,-0.09509394,0.059503626,0.14271042,2016-12-08 23:26:13,NaN
-1.4652514,-1.6663644,9.710882,-0.0,-0.0,0.0,26.0,-1.416879,-1.6564332,9.561332,-0.026877824,-0.0052490584,0.1635963,-0.09460371,0.059647877,0.14364728,2016-12-08 23:26:14,NaN
-1.4556746,-1.6472107,9.682152,0.0042591905,0.005390719,6.9510547E-4,26.0,-1.4078268,-1.6535095,9.563175,-0.035929963,0.0054474324,0.12089139,-0.09420972,0.059483558,0.14077148,2016-12-08 23:26:15,NaN
-1.436521,-1.685518,9.701305,0.005729296,0.0036604898,-0.0012081829,26.0,-1.4119474,-1.6601843,9.561411,-0.018189074,-0.01511849,0.12265628,-0.09486277,0.05920116,0.14539443,2016-12-08 23:26:16,NaN
-1.436521,-1.685518,9.691729,-0.00421597,-0.0010114613,0.02938285,26.0,-1.4165999,-1.6541007,9.561777,-0.027156938,-0.04844279,0.13591002,-0.094681226,0.059333842,0.14693853,2016-12-08 23:26:17,NaN
-1.4460979,-1.685518,9.682152,-0.004199972,-0.008934809,0.07765256,26.0,-1.4146466,-1.6552377,9.56187,-0.02911023,-0.020065052,0.13581774,-0.094416745,0.05971443,0.14186072,2016-12-08 23:26:18,NaN
-1.4652514,-1.6759412,9.691729,-0.009771335,-0.007513653,0.0560201,26.0,-1.4112054,-1.6591587,9.561699,-0.03255148,-0.029764375,0.108747475,-0.09464457,0.059426017,0.14274539,2016-12-08 23:26:19,NaN
-1.436521,-1.685518,9.682152,-0.0107039325,-0.015106698,0.07086365,26.0,-1.4144268,-1.6616576,9.560789,-0.015709663,-0.040885877,0.12327811,-0.095472805,0.05848392,0.15398526,2016-12-08 23:26:20,NaN
-1.4460979,-1.685518,9.691729,0.012092343,0.0063858456,-0.051710986,26.0,-1.409466,-1.6581124,9.562138,-0.03429081,-0.017190348,0.13555005,-0.0950795,0.058537167,0.15111679,2016-12-08 23:26:21,NaN
-1.4460979,-1.6759412,9.701305,0.009369141,0.014132464,-0.052576207,26.0,-1.4068443,-1.6604999,9.562108,-0.036912583,-0.028423248,0.13557915,-0.094531395,0.059430208,0.14029133,2016-12-08 23:26:22,NaN
-1.4460979,-1.6950948,9.682152,-0.0023262894,-0.006866176,0.031187253,26.0,-1.4146366,-1.6621262,9.560677,-0.0018795106,-0.013176526,0.1370107,-0.09527616,0.058852736,0.1502617,2016-12-08 23:26:23,NaN
-1.436521,-1.7046716,9.691729,-0.006754036,-0.011358509,0.05090215,26.0,-1.420648,-1.6670483,9.558928,-0.009488479,-0.021874836,0.13875978,-0.09467201,0.060560174,0.13538875,2016-12-08 23:26:24,NaN
-1.4460979,-1.6663644,9.701305,0.017481556,0.016784031,-0.080287494,26.0,-1.4320128,-1.6547414,9.55937,-0.011744058,-0.020561246,0.13831753,-0.0944339,0.060745575,0.14037651,2016-12-08 23:26:25,NaN
-1.4556746,-1.685518,9.691729,-0.0046405797,0.0023832566,-0.023850195,26.0,-1.4242611,-1.6445028,9.562295,-0.019495701,-0.05804058,0.1353921,-0.09353692,0.060905553,0.13530141,2016-12-08 23:26:26,NaN
-1.436521,-1.7046716,9.691729,-0.00478617,-0.004774577,-0.012042877,26.0,-1.4240407,-1.6643513,9.558893,-0.0060957577,-0.038191985,0.13879469,-0.09552826,0.059215438,0.15128039,2016-12-08 23:26:27,NaN
-1.4556746,-1.6663644,9.701305,0.0121120345,0.011428265,-0.06665883,26.0,-1.4150894,-1.6549466,9.561855,-0.028667448,-0.020356221,0.13583188,-0.09473818,0.059209596,0.14736488,2016-12-08 23:26:28,NaN
-1.4269443,-1.7046716,9.691729,0.0105767995,0.0122839045,-0.081556216,26.0,-1.4143716,-1.6658274,9.560071,-0.0021445977,-0.023095628,0.13761672,-0.09509835,0.059399724,0.14419195,2016-12-08 23:26:29,NaN
-1.4460979,-1.7046716,9.701305,0.01448358,0.017167524,-0.096532,26.0,-1.419455,-1.6540294,9.561367,-0.02430177,-0.03489383,0.12270034,-0.094175674,0.060307026,0.13832353,2016-12-08 23:26:30,NaN
-1.4173675,-1.7046716,9.691729,-0.005023683,-0.0016197108,0.008216239,26.0,-1.4249885,-1.6634413,9.55891,-0.005148053,-0.039102074,0.13877724,-0.09540134,0.05941225,0.14982224,2016-12-08 23:26:31,NaN
-1.4460979,-1.6663644,9.730036,0.008328491,0.011635523,-0.05290872,29.0,-1.4200822,-1.6543674,9.561214,-0.03729499,-0.0073149926,0.16371351,-0.094729245,0.05949887,0.14704587,2016-12-08 23:26:32,NaN
-1.436521,-1.7046716,9.701305,0.020350065,0.028135525,-0.14414181,29.0,-1.416072,-1.6645528,9.560042,-4.4413272E-4,-0.0379906,0.13764498,-0.09500399,0.059563164,0.14349219,2016-12-08 23:26:33,NaN
-1.436521,-1.6759412,9.691729,-0.010462241,-0.014675407,0.082918376,26.0,-1.4253383,-1.6541151,9.560475,-0.018418623,-0.0075672986,0.16445257,-0.09457748,0.060054112,0.14407866,2016-12-08 23:26:34,NaN
-1.4460979,-1.685518,9.691729,-0.006646842,-1.3792628E-4,0.034577146,26.0,-1.4234937,-1.6663256,9.558631,-0.047503706,-0.036217913,0.13905656,-0.094485946,0.060974482,0.13263781,2016-12-08 23:26:35,NaN
-1.4269443,-1.6950948,9.691729,-0.012505869,-0.015274256,0.05205526,26.0,-1.4191711,-1.6539114,9.56143,0.0026549245,-0.035011668,0.13625751,-0.094429806,0.05988173,0.14261797,2016-12-08 23:26:36,NaN
-1.4269443,-1.7142484,9.691729,0.0039025056,-0.009394738,0.03406067,26.0,-1.4185085,-1.6563329,9.561109,0.0019923623,0.008270803,0.13657923,-0.09435725,0.060132172,0.13947764,2016-12-08 23:26:37,NaN
-1.4460979,-1.7046716,9.691729,-0.009335398,-0.011483118,0.07885635,26.0,-1.4099663,-1.662196,9.561354,-0.033790458,-0.04034739,0.13633315,-0.0950326,0.058952678,0.14676888,2016-12-08 23:26:38,NaN
-1.4173675,-1.6472107,9.691729,-0.009517487,-0.011261102,0.056074202,26.0,-1.4101435,-1.6614766,9.561453,-0.019993039,-0.013826098,0.10899354,-0.094660126,0.059506565,0.1411744,2016-12-08 23:26:39,NaN
-1.4269443,-1.6759412,9.682152,-4.6036E-4,-0.002131854,-0.026655195,26.0,-1.412371,-1.652439,9.56269,-0.004145066,-0.02286369,0.12137689,-0.094149314,0.059786312,0.14010705,2016-12-08 23:26:40,NaN
-1.4460979,-1.685518,9.691729,-0.001076298,0.0013356312,0.022310019,26.0,-1.4145786,-1.6542743,9.562047,-0.042798642,0.006212247,0.13564068,-0.09480698,0.059016436,0.14914958,2016-12-08 23:26:41,NaN
-1.4460979,-1.685518,9.701305,-0.0045324713,3.2005925E-4,0.0071330112,26.0,-1.4172848,-1.6568207,9.561205,-0.026472036,-0.018482115,0.15010232,-0.094070844,0.060538318,0.13454749,2016-12-08 23:26:42,NaN
-1.4556746,-1.6950948,9.682152,0.0073861037,0.0076356675,-0.020868758,26.0,-1.409238,-1.6548077,9.562743,-0.020898554,-0.02049495,0.1485652,-0.094317414,0.05949812,0.14127387,2016-12-08 23:26:43,NaN
-1.6184803,-1.5610195,9.691729,-0.07289948,0.054597314,-0.008564401,26.0,-1.428076,-1.7048492,9.551151,-0.34256923,-0.18837899,0.16015713,-0.097295836,0.059668913,0.14567272,2016-12-08 23:26:44,NaN
-1.3790601,-1.6663644,9.701305,-0.0071582147,-0.03160777,0.053253587,16.0,-1.3438306,-1.6145577,9.579025,-0.04544494,-0.03350438,0.14590332,-0.091686495,0.05656194,0.14009233,2016-12-08 23:26:45,NaN
-1.3215994,-1.7621324,9.682152,-0.05522723,-0.021317322,0.03555159,19.0,-1.2358674,-1.5102831,9.610518,-0.058065627,-0.2467418,0.087168895,-0.085185036,0.052377757,0.13344184,2016-12-08 23:26:46,NaN
-1.3024458,-1.6376339,9.720459,0.016575444,0.009838773,0.0031500969,16.0,-1.3109193,-1.6164261,9.583269,0.030606607,-0.08611738,0.073556855,-0.091930695,0.054203425,0.14727245,2016-12-08 23:26:47,NaN
-0.7374141,-1.9249382,9.988609,0.057018176,-0.08011259,0.0032823393,19.0,-1.2000059,-1.5641017,9.606454,0.17847984,-0.16568239,0.25467739,-0.08782583,0.049937647,0.13628612,2016-12-08 23:26:48,NaN
-1.6663644,2.0973208,6.7803793,0.71707654,0.9393097,-2.398554,55.0,0.18926927,0.78773314,9.7731285,-1.7692297,1.1054952,-2.527104,0.034629542,-0.02258145,-0.3351223,2016-12-08 23:26:49,NaN
-2.1068976,-0.78529817,10.007763,0.030991191,0.4967982,-0.2704312,29.0,-0.37735856,-1.4357179,9.693643,-1.842758,0.42781216,0.26283097,-0.07566302,0.0060740802,0.17548722,2016-12-08 23:26:50,NaN
0.18195933,-1.436521,10.036493,-0.4051038,-0.15959331,0.2572535,39.0,0.19667217,-0.5621663,9.788549,-0.8368285,-1.2629603,-0.40412962,-0.024464954,-0.018011315,0.2935477,2016-12-08 23:26:51,NaN
-0.48841715,-0.90979666,9.634268,9.299195E-4,0.051804364,-0.06558313,29.0,-0.61263573,-0.8732697,9.748459,-0.013900243,-0.02567324,0.11267213,-0.051719815,0.01708664,0.28809085,2016-12-08 23:26:52,NaN
-0.5267244,-0.8714894,9.864111,-0.0018428906,-2.785536E-4,-0.03158932,32.0,-0.4839169,-0.88712126,9.754447,-0.04727665,-0.0118216835,0.16116552,-0.050573476,0.010196298,0.29553536,2016-12-08 23:26:53,NaN
-0.5363012,-0.90979666,9.739613,-0.010291776,-0.056099005,0.023699997,22.0,-0.7530405,-0.8784714,9.7381525,0.20822655,-0.034091916,0.054877095,-0.05412706,0.023721106,0.2908336,2016-12-08 23:26:54,NaN
-0.47884035,-0.91937345,9.902418,-0.005172119,0.02920857,-0.0015026854,32.0,-0.44885543,-0.8849682,9.756318,-0.055097446,-0.027595045,0.13205436,-0.0500188,0.008020521,0.30504158,2016-12-08 23:26:55,NaN
-0.46926352,-0.91937345,9.844957,-0.008023071,-0.032809716,-0.011080285,26.0,-0.3801339,-0.92013836,9.755985,-0.06933755,0.02119544,0.118767366,-0.050605856,0.004720444,0.2939565,2016-12-08 23:26:56,NaN
-0.47884035,-0.89064306,9.787497,-0.0053695138,-0.004943083,0.046003778,32.0,-0.47761405,-0.88444686,9.755,9.018783E-4,-0.014496039,0.010788871,-0.05033439,0.009993501,0.29432064,2016-12-08 23:26:57,NaN
-0.47884035,-0.90021986,9.787497,-0.0022617853,-2.488429E-4,-0.0065196725,19.0,-0.46941704,-0.88529086,9.755322,0.01994555,-0.013652042,0.01046715,-0.05023284,0.009679939,0.2924399,2016-12-08 23:26:58,NaN
-0.37349546,-1.1971009,9.787497,-1.6742162E-4,0.02034817,0.05623356,22.0,-0.46481323,-1.0501726,9.739173,0.083443485,-0.08031632,0.16281985,-0.05819259,0.007351371,0.28644112,2016-12-08 23:26:59,NaN
-0.45968673,-0.79487497,9.825804,-0.05726385,0.0057106833,-0.005109708,29.0,-0.53512436,-0.8633487,9.753905,-0.13227263,-0.13093664,0.13446686,-0.05036282,0.012363319,0.30858657,2016-12-08 23:27:00,NaN
-0.29688102,-0.7278373,9.816227,-0.010817545,-0.0033226663,-0.061691657,13.0,-0.4594151,-0.7641547,9.766032,0.1733878,-0.06668652,-0.09558602,-0.044493683,0.0095515065,0.32356045,2016-12-08 23:27:01,NaN
-0.5746084,-0.7757214,9.844957,0.018039372,0.03556339,0.021452967,13.0,-0.5753175,-0.81113833,9.756098,-0.010357416,0.0075378385,0.13227382,-0.04865885,0.014482785,0.321387,2016-12-08 23:27:02,NaN
4.6255975,0.22984336,9.940725,0.32459292,-0.5366506,0.40566736,9.0,2.7658424,-0.26827246,9.404709,1.1023364,0.3363742,-0.36079788,0.037735905,-0.1380918,0.35183626,2016-12-08 23:27:03,NaN
7.335834,2.5570073,5.6407394,0.59692425,-0.5848093,0.17577434,13.0,6.7199306,2.2556295,6.776804,0.6622973,0.2096533,-1.1924613,0.29252425,-0.2625048,0.4533658,2016-12-08 23:27:04,NaN
7.479486,0.21068975,5.8801594,0.012292034,0.18767779,0.09243521,16.0,7.987006,0.35946503,5.678812,-0.6728796,-0.30498365,0.30052054,0.27725384,-0.36550167,0.50463295,2016-12-08 23:27:05,NaN
5.5162406,-0.6799533,9.097966,0.012700209,0.55738115,-4.953559E-4,9.0,6.0690417,-0.46885112,7.6887784,-1.0976151,0.03300003,0.56515217,0.14383994,-0.2954513,0.47759876,2016-12-08 23:27:06,NaN
7.326257,-2.6048915,5.171476,-0.5824184,-1.1191638,0.17120875,11.0,6.7305317,-1.5998669,6.950595,0.66531706,-0.8790362,-2.1153712,0.08586833,-0.37181306,0.41063303,2016-12-08 23:27:07,NaN
6.081272,-0.81402856,7.5848308,-0.013978021,-0.12177962,0.0446952,11.0,6.1013713,-0.7977779,7.6359158,0.04140514,-0.03306326,-0.24006693,0.104341514,-0.3158948,0.409373,2016-12-08 23:27:08,NaN
6.885724,0.0,6.5601125,0.19133772,-0.28552723,-0.057678357,11.0,6.524277,-0.33468682,7.3138366,0.25865608,0.34830716,-0.59900516,0.14152753,-0.32721263,0.41434228,2016-12-08 23:27:09,NaN
6.244078,0.12449849,7.469909,0.076716855,0.34660247,-0.10574956,13.0,6.7582674,0.050262593,7.1058908,-0.49290794,0.07232053,0.37167984,0.17308587,-0.32824025,0.42701414,2016-12-08 23:27:10,NaN
6.493075,0.21068975,7.4603324,0.0045579346,-0.09829482,0.12322714,13.0,6.3053327,0.28738663,7.505371,0.10985104,-0.0013593121,-0.2048647,0.18412693,-0.28884232,0.46842292,2016-12-08 23:27:11,NaN
6.3302693,-0.047884032,7.4124484,-0.0172987,-0.011472407,0.021243542,9.0,6.4137683,-0.0024308802,7.418487,-0.08030676,-0.024809813,-0.0090181595,0.16979693,-0.30484655,0.45632535,2016-12-08 23:27:12,NaN
6.5218053,0.1340753,7.374141,-0.0010687868,-0.06325266,-0.045319114,9.0,6.4872336,0.04635916,7.3541856,0.009671993,0.035362925,0.014422571,0.17364158,-0.3080415,0.4534918,2016-12-08 23:27:13,NaN
6.6846113,-0.10534488,7.1347213,-0.022834886,-0.035173215,-0.043738663,9.0,6.5500426,-0.17616981,7.2963204,0.11030744,0.026345987,-0.10477708,0.16411476,-0.31789544,0.45052344,2016-12-08 23:27:14,NaN
6.981492,0.08619126,7.0964136,0.0971651,-0.101699874,0.051955536,9.0,6.7497435,-0.019707741,7.1141386,0.2919758,0.07418913,0.050164346,0.17402618,-0.32710057,0.43865302,2016-12-08 23:27:15,NaN
7.0581064,-0.047884032,6.9623384,0.07675614,-0.15644743,0.07617009,9.0,6.927877,0.009415478,6.9408083,0.11384262,-0.036656175,-0.06253273,0.17966895,-0.3373964,0.43322268,2016-12-08 23:27:16,NaN
7.067683,-0.31603462,6.933608,0.021911815,-0.0078040003,0.01971809,13.0,7.174737,-0.18624741,6.6827283,-0.064915285,-0.07253921,0.2364083,0.17564346,-0.35836443,0.42476732,2016-12-08 23:27:17,NaN
6.933608,0.019153614,7.2209125,0.0118154185,0.063760735,0.1511034,29.0,6.9828873,-0.04238339,6.885339,-0.17271338,0.0015223484,0.27896398,0.18892409,-0.336531,0.45647264,2016-12-08 23:27:18,NaN
6.7133417,-0.7661445,7.0964136,-0.1265148,-0.06468352,-0.10744486,16.0,6.619451,-0.60519487,7.2102017,0.1907227,-0.10306321,-0.14124128,0.15963504,-0.32695374,0.48318565,2016-12-08 23:27:19,NaN
1.7621324,2.0398598,9.5385,0.11925389,0.68386364,0.74831325,13.0,2.7623606,1.7070068,9.253425,-1.087058,0.29518417,0.30805892,0.15685858,-0.060016714,0.59804076,2016-12-08 23:27:21,NaN
1.6567876,0.9576807,9.5385,0.08321328,-0.25096038,-0.5048374,11.0,2.3197567,1.5578166,9.400123,-0.23584361,0.33541167,0.12049984,0.13934897,-0.036179405,0.656525,2016-12-08 23:27:22,NaN
2.9400797,-0.40222588,9.892841,-0.14912754,-0.12793355,0.16325654,11.0,2.4040987,-0.87636966,9.466927,0.4289335,0.12725058,0.35334426,0.039726987,-0.12547077,0.6048022,2016-12-08 23:27:23,NaN
4.9320555,-0.8523358,7.575254,0.14517823,-0.8743591,-0.42877698,49.0,4.7620473,-0.5311349,8.556353,0.34558308,0.027182035,-1.0787824,0.1223992,-0.22082984,0.5599961,2016-12-08 23:27:24,NaN
4.960786,0.91937345,8.66701,0.41911077,0.1292179,-0.1389481,72.0,5.4181504,0.1946784,8.171667,-0.24241833,1.0039122,0.6134568,0.15380047,-0.24434882,0.48058265,2016-12-08 23:27:25,NaN
2.7581203,1.9632454,8.801085,0.30933163,0.2662786,0.90062535,45.0,3.3827329,0.6431561,9.182259,-0.82210755,0.66439724,-0.056625366,0.14322753,-0.10640029,0.66635734,2016-12-08 23:27:26,NaN
-0.7182605,0.6703765,9.816227,-0.2818531,0.47963938,2.5471635,16.0,-0.16820827,0.9383472,9.760205,-0.54004985,-0.25732982,0.1554078,0.0072219046,0.048123777,0.94610167,2016-12-08 23:27:27,NaN
-0.7565677,0.6991069,9.854534,0.0035274548,-0.0035095152,0.010876192,16.0,-0.72338486,0.67024666,9.75694,-0.012113892,0.010770687,0.049710445,-0.031106312,0.039584447,0.9863742,2016-12-08 23:27:28,NaN
-0.79487497,0.6703765,9.787497,-0.008674383,0.011912391,0.18784152,36.0,-0.7661954,0.64325356,9.755489,-0.03740509,0.010523109,0.037540752,-0.033833075,0.03826016,0.9877274,2016-12-08 23:27:29,NaN
-0.7757214,0.59376204,9.758766,0.009176712,-0.011649048,-0.15691976,16.0,-0.67519534,0.6227802,9.763536,0.035038996,0.0037558,0.11121483,-0.029806443,0.03619067,0.9895687,2016-12-08 23:27:30,NaN
-0.7374141,0.61291564,9.816227,0.032535568,-0.033444107,-0.41437057,16.0,-0.7492664,0.58068275,9.760727,0.013767647,0.032232877,0.018682254,-0.022767317,0.042697433,0.9113614,2016-12-08 23:27:31,NaN
-0.79487497,0.59376204,9.797073,-0.017899305,0.016655143,0.15222687,16.0,-0.74091655,0.5874718,9.760959,-0.008202583,-0.0017968463,0.11379358,-0.022185326,0.04286546,0.9108785,2016-12-08 23:27:32,NaN
-0.7182605,0.5746084,9.873688,0.0019680138,-0.001512907,0.031166572,16.0,-0.75093204,0.5865244,9.76025,0.015433301,0.012770842,0.04640013,-0.021321781,0.043716565,0.8976677,2016-12-08 23:27:33,NaN
-0.7565677,0.6991069,9.844957,0.014906867,-0.011489287,-0.24980162,39.0,-0.6742805,0.70484996,9.758018,-0.00673681,0.01702845,0.06225257,-0.022548044,0.044397347,0.95610356,2016-12-08 23:27:34,NaN
-0.7086837,0.7086837,9.768343,-0.04779728,0.03423445,0.81736857,39.0,-0.6643619,0.7159741,9.757889,-0.0030351493,-0.0077160005,0.048761077,-0.023222784,0.044123065,0.96427184,2016-12-08 23:27:35,NaN
-0.7469909,0.6895301,9.883265,-0.0025246036,-0.0056871083,-0.16597272,26.0,-0.70888627,0.6785431,9.757431,-0.026612528,-0.011146079,0.13094123,-0.024232186,0.04384419,0.9534379,2016-12-08 23:27:36,NaN
-0.6895301,0.6895301,9.787497,-0.011222448,0.019788211,0.21026522,26.0,-0.69160956,0.684864,9.758228,-0.016648483,-0.00384657,0.0075608557,-0.02619463,0.042221505,0.9713115,2016-12-08 23:27:37,NaN
-0.6895301,0.6799533,9.844957,0.0036078047,0.0014460518,0.0214879,26.0,-0.69315314,0.670416,9.759123,-0.015104877,-0.0030189909,0.061147742,-0.029500257,0.039407875,0.98611385,2016-12-08 23:27:38,NaN
-0.7278373,0.6799533,9.864111,-0.022381358,0.021957772,0.26810834,13.0,-0.7053303,0.662907,9.758762,-0.0029277534,0.0044900114,0.1432298,-0.027629968,0.04096538,0.97404534,2016-12-08 23:27:39,NaN
-1.1587936,1.0726024,10.170568,0.0040969206,-0.2970779,-2.9417603,11.0,-0.3921035,0.41255227,9.79012,-0.05736799,0.22760408,0.4523811,0.011662159,0.026585994,0.38688108,2016-12-08 23:27:40,NaN
6.9719152,2.7006595,4.817134,0.18500018,-1.2263532,-0.72197527,13.0,6.548048,1.5708966,7.1292167,1.0112447,0.9761084,-1.9943459,0.26350278,-0.25899297,0.49247834,2016-12-08 23:27:41,NaN
8.734048,3.7253778,1.1875241,-0.18783574,-0.41175625,-0.04644905,9.0,8.7821665,3.9503198,1.8544255,-0.03790404,-0.16386315,-0.6694554,0.46879125,-0.43091226,0.3036587,2016-12-08 23:27:42,NaN
8.513782,1.0821792,2.078167,1.6762269,1.2482654,0.6911243,13.0,9.244309,3.17008,0.814692,-0.70435166,-1.8080449,1.1193974,0.5531073,-0.39055675,0.43094048,2016-12-08 23:27:43,NaN
8.647857,0.05746084,4.0318356,0.2741012,0.12773778,0.37892342,9.0,8.831018,-0.2983299,4.2537637,-0.56346786,0.20298746,-0.6852326,0.5152608,-0.13275822,0.826576,2016-12-08 23:27:44,NaN
8.456321,0.39264908,5.257667,-0.045354947,0.12808596,-0.02745475,9.0,8.696875,0.76248634,4.4669194,-0.78345346,-0.081469,0.31382248,0.5145791,-0.08636449,0.825768,2016-12-08 23:27:45,NaN
7.9104424,1.3024458,6.1770406,-0.21814588,0.034677837,-0.22933377,9.0,7.700086,0.34138182,6.0632105,0.28143758,0.8299681,0.3247323,0.40727437,-0.15808198,0.8233286,2016-12-08 23:27:46,NaN
7.8912888,-0.9864111,7.4028716,-0.51754624,0.09787233,0.83212185,26.0,7.375125,0.58651054,6.4369206,0.44295475,-1.662518,0.57755834,0.38605887,-0.15088715,0.8186815,2016-12-08 23:27:47,NaN
7.7572136,-0.5267244,5.66947,-0.057291243,-0.44752938,0.15584394,29.0,7.6791897,-0.7681873,6.0506463,0.1797505,-0.06265394,-0.42544296,0.38465023,-0.20867945,0.82910115,2016-12-08 23:27:48,NaN
9.002198,-1.1013328,6.3206925,-0.37932023,0.10372729,0.6792913,42.0,8.212808,-0.4711004,5.3383765,0.99454725,-0.85007334,1.1449089,0.4298563,-0.20746613,0.81196094,2016-12-08 23:27:49,NaN
7.4028716,-0.93852705,6.703765,0.027079439,0.03605348,0.16477257,22.0,7.3245254,0.10692236,6.5199924,-0.09212107,-0.93776345,0.33104244,0.37337938,-0.16781178,0.82664007,2016-12-08 23:27:50,NaN
7.2783732,-1.8962077,5.2863975,0.105798274,-0.12926623,-0.09234951,36.0,6.9779763,-0.35453182,6.8813186,0.15908556,-1.6885203,-1.2016336,0.3450755,-0.17341651,0.8441471,2016-12-08 23:27:51,NaN
7.1826053,0.038307227,6.885724,0.20322213,5.5915344E-4,-0.71952665,58.0,6.963013,-0.54414064,6.884094,0.26939133,0.51689994,-0.019439172,0.26924118,-0.27661902,0.692972,2016-12-08 23:27:52,NaN
7.920019,-0.05746084,5.6407394,0.07019946,-0.15957355,0.032869596,42.0,7.826681,-0.18609716,5.9058294,0.15484251,-0.059069082,-0.11718163,0.3230287,-0.30747193,0.6627995,2016-12-08 23:27:53,NaN
7.8146744,-1.0726024,6.0046577,-0.11202336,-0.07701229,0.4026478,42.0,7.5366035,-0.08761267,6.2739406,0.3087165,-0.90667266,0.0731412,0.31257734,-0.28707737,0.6739652,2016-12-08 23:27:54,NaN
7.690176,-0.82360536,6.0142345,-0.035951883,-0.21243034,-0.022437207,32.0,7.828967,-0.7711308,5.8551717,-0.20157267,0.022011692,-0.44789362,0.31728727,-0.31748724,0.6905909,2016-12-08 23:27:55,NaN
7.6231384,0.0,6.042965,-0.027671032,-0.02701219,-0.072634585,42.0,7.6180296,0.07439188,6.1749883,0.022985168,-0.07439188,-0.15479511,0.32124054,-0.2863001,0.66799206,2016-12-08 23:27:56,NaN
8.42759,-0.19153613,4.903325,-0.2386006,-0.27597144,-0.04432905,26.0,8.316721,-0.08406564,5.195717,0.30495897,-0.20196167,-0.1289473,0.44373828,-0.195419,0.8039316,2016-12-08 23:27:57,NaN
8.858546,0.1436521,3.8786068,-0.07446449,-0.018581597,-0.06058403,13.0,8.975477,0.07148878,3.950453,-0.05414969,0.023853648,-0.041413456,0.52244234,-0.16011557,0.7987646,2016-12-08 23:27:58,NaN
8.858546,0.25857377,3.8498764,-0.011991808,-0.006553325,-0.011099308,13.0,8.988267,0.26102188,3.9132223,-0.1350413,0.011385083,-0.08590446,0.523718,-0.16186583,0.7915712,2016-12-08 23:27:59,NaN
8.916007,0.25857377,3.916914,0.0027992066,0.0028941545,-0.002762276,11.0,8.976926,0.24625276,3.9401205,-0.12370042,0.026154185,0.09150256,0.52115685,-0.16584729,0.7905092,2016-12-08 23:28:00,NaN
8.848969,0.30645782,3.9264908,-0.03786194,-0.0374252,-0.09607254,13.0,8.985929,0.3384741,3.9126604,-0.1054621,-0.079687476,-0.03086151,0.52457976,-0.15914111,0.79063106,2016-12-08 23:28:01,NaN
8.868123,0.36391866,3.916914,0.3068459,0.0035271447,0.09847496,9.0,8.977407,0.29440308,3.9357185,-0.13780211,0.03248526,-0.08116011,0.52564454,-0.15176308,0.7961676,2016-12-08 23:28:02,NaN
8.820239,0.29688102,3.916914,0.15378502,0.0055402163,0.06673465,13.0,8.970384,0.31518853,3.9500966,-0.14439863,-0.0019205312,-0.054677162,0.52465606,-0.15276514,0.7953852,2016-12-08 23:28:03,NaN
8.887277,0.2777274,4.003105,0.015800359,0.002844241,-0.027703064,9.0,8.956483,0.28722632,3.983632,-0.08963625,0.10776376,0.04799086,0.5199321,-0.16297826,0.7916773,2016-12-08 23:28:04,NaN
8.801085,0.36391866,3.8881836,0.24933729,-3.495874E-4,0.08931759,13.0,8.958678,0.32881173,3.9754713,-0.09183259,0.0797987,-0.12091301,0.5223775,-0.1562986,0.79373616,2016-12-08 23:28:05,NaN
8.829816,0.33518824,3.9456444,0.014017677,0.0056533003,0.003156517,16.0,8.954202,0.32177904,3.9861171,-0.12821698,-0.008511054,-0.049836807,0.5208488,-0.15962796,0.79243946,2016-12-08 23:28:06,NaN
8.887277,0.29688102,3.7924154,-0.009592576,0.001577795,-0.0049701463,16.0,9.017656,0.30562016,3.841726,-0.13718942,-0.0059725144,-0.041649137,0.5280834,-0.15891625,0.79020387,2016-12-08 23:28:07,NaN
8.887277,0.38307226,3.8881836,-0.034547932,0.013562213,-0.007281498,16.0,8.992252,0.27883834,3.9028232,-0.11178594,0.061670337,-0.12998685,0.5233016,-0.1648237,0.7892679,2016-12-08 23:28:08,NaN
8.8777,0.30645782,3.916914,-5.4309034E-4,0.0027151224,-0.0040218183,11.0,8.978407,0.32226548,3.931252,-0.125181,-0.00899748,-0.035832804,0.52308476,-0.16107239,0.79050976,2016-12-08 23:28:09,NaN
8.848969,0.34476504,3.86903,-0.018423252,-0.0014424323,-0.00632242,16.0,8.982883,0.32038373,3.9211664,-0.11603732,-0.020736083,-0.012126465,0.5244785,-0.15810916,0.791893,2016-12-08 23:28:10,NaN
8.848969,0.2873042,3.8881836,0.0052589322,0.0026132679,0.0036329315,16.0,8.990867,0.31978709,3.902877,-0.13764082,-0.0065191076,-0.034698468,0.5233465,-0.16467288,0.78808534,2016-12-08 23:28:11,NaN
8.896853,0.31603462,3.8402996,0.087290816,-0.0031618301,0.0378192,11.0,8.986455,0.34387344,3.9109793,-0.07874762,-0.030605461,-0.0972819,0.52346414,-0.1630363,0.78837895,2016-12-08 23:28:12,NaN
8.925584,0.30645782,3.7349546,-0.13726915,-0.025129149,-0.056143235,13.0,8.992843,0.32783407,3.8976529,-0.057894792,-0.014566079,-0.12481647,0.52642566,-0.15540597,0.79253983,2016-12-08 23:28:13,NaN
9.030929,0.31603462,3.6008794,0.291782,-0.00602447,0.118193224,13.0,9.068268,0.31279612,3.7200928,-0.051597543,-0.026768817,-0.08345996,0.53650755,-0.14995915,0.79162765,2016-12-08 23:28:14,NaN
9.050082,0.30645782,3.4859576,0.00926375,-0.026783817,0.0027265444,13.0,9.129132,0.32354265,3.567167,-0.08522111,-0.010274674,-0.080358304,0.5384812,-0.16781865,0.779162,2016-12-08 23:28:15,NaN
9.059659,0.31603462,3.4859576,0.03363838,0.004536723,0.01518903,9.0,9.147002,0.3234591,3.5210974,-0.07585047,-0.010191075,-0.034288626,0.5407079,-0.16765732,0.7782332,2016-12-08 23:28:16,NaN
9.069236,0.30645782,3.4955344,-0.1653579,0.004627897,-0.05551731,13.0,9.15682,0.3099306,3.4967108,-0.0856692,-0.010282935,-0.03714255,0.5354259,-0.18718013,0.76780224,2016-12-08 23:28:17,NaN
9.030929,0.34476504,3.4284968,0.0032219235,-0.0040084585,-0.0046081664,13.0,9.157272,0.30025485,3.4963691,-0.09974178,-6.072273E-4,-0.15938401,0.5344238,-0.19006833,0.76649445,2016-12-08 23:28:18,NaN
9.078813,0.31603462,3.4763808,-0.016438037,-0.008526963,-0.007898967,13.0,9.166781,0.31402358,3.4701457,-0.082009725,-7.5559196E-4,-0.024197856,0.5421188,-0.17081882,0.7757972,2016-12-08 23:28:19,NaN
9.078813,0.32561144,3.4763808,0.3557675,0.00552853,0.13090017,13.0,9.149214,0.31305397,3.5162883,-0.06444227,0.027454734,-0.056720134,0.54388136,-0.15783611,0.78321016,2016-12-08 23:28:20,NaN
9.069236,0.30645782,3.5242648,-0.31583044,-0.010493691,-0.12714843,13.0,9.150653,0.32756817,3.5112183,-0.06588128,-0.027920505,-0.010788871,0.5442529,-0.15737379,0.78290397,2016-12-08 23:28:21,NaN
9.040505,0.32561144,3.4380736,0.046876207,0.009000413,0.019185046,13.0,9.158506,0.32878953,3.4905667,-0.07373476,-0.015521525,-0.044618607,0.5425975,-0.16618866,0.77813107,2016-12-08 23:28:22,NaN
9.14585,0.35434186,3.4955344,-0.05662421,0.0045010787,-0.007976549,13.0,9.155918,0.3290192,3.4973283,-0.057526514,-0.015751204,-0.09224161,0.55187047,-0.1308624,0.7940352,2016-12-08 23:28:23,NaN
9.088389,0.33518824,3.41892,0.035446398,0.009985923,0.02020234,13.0,9.142469,0.31393078,3.533709,-0.07131728,-6.6279585E-4,-0.08776121,0.55086154,-0.1279939,0.7964453,2016-12-08 23:28:24,NaN
9.088389,0.31603462,3.5434184,0.38495404,0.008903175,0.15153867,9.0,9.132159,0.30621856,3.560938,-0.06100808,-0.020191258,-0.019647418,0.5445513,-0.14800878,0.7889582,2016-12-08 23:28:25,NaN
9.069236,0.31603462,3.4572272,0.02876047,-0.023511719,0.011048699,13.0,9.139495,0.30815658,3.5419037,-0.06834282,0.0051113972,-0.0823356,0.5415055,-0.1618176,0.7820302,2016-12-08 23:28:26,NaN
9.040505,0.31603462,3.4572272,-0.05037689,0.0015100633,-0.019199014,9.0,9.160397,0.34019506,3.484506,-0.048384488,3.1361548E-4,-0.02493773,0.5419431,-0.16922575,0.776136,2016-12-08 23:28:27,NaN
9.078813,0.32561144,3.4859576,-0.085502416,-0.0034334878,-0.03413664,13.0,9.155706,0.32776177,3.498001,-0.07093488,-0.028114125,-0.03843276,0.54220647,-0.1663242,0.7782598,2016-12-08 23:28:28,NaN
9.069236,0.31603462,3.4476504,-5.385836E-4,-0.014388995,-0.00269137,13.0,9.160095,0.31934723,3.487271,-0.08894376,0.007541112,-0.041323256,0.5425515,-0.16684277,0.7780104,2016-12-08 23:28:29,NaN
9.040505,0.30645782,3.5434184,0.17451999,0.035657834,0.07262918,13.0,9.145883,0.30832887,3.5253584,-0.08835186,-0.008681215,0.04317253,0.5442993,-0.15490316,0.784924,2016-12-08 23:28:30,NaN
9.088389,0.34476504,3.1890767,0.19076136,0.017937938,0.08101158,16.0,9.157676,0.31468222,3.4940474,-0.059283093,-0.0014142313,-0.034479,0.5429945,-0.16434774,0.7795278,2016-12-08 23:28:31,NaN
9.097966,0.31603462,3.5051112,0.21789296,0.009054993,0.08362612,16.0,9.154113,0.31014484,3.5037732,-0.0693404,0.0031231656,-0.016964333,0.5440609,-0.15923263,0.7823427,2016-12-08 23:28:32,NaN
9.059659,0.30645782,3.514688,0.027649373,0.002725892,0.011578994,16.0,9.146986,0.31575435,3.5218408,-0.062213495,-0.016106695,-0.03503183,0.54138315,-0.16534933,0.77962804,2016-12-08 23:28:33,NaN
8.944737,0.34476504,3.4859576,0.28226113,0.014043755,0.109875746,16.0,9.146702,0.3134244,3.5227838,0.101514146,0.05432497,-0.035974957,0.5421917,-0.16253047,0.7810995,2016-12-08 23:28:34,NaN
9.059659,0.32561144,3.5051112,0.11823403,-0.016935429,0.040455345,13.0,9.155184,0.31994098,3.500093,-0.08403233,-0.0066730063,3.3626895E-4,0.5437293,-0.1609451,0.7811629,2016-12-08 23:28:35,NaN
9.059659,0.32561144,3.466804,0.17301486,0.009780146,0.06844673,16.0,9.149357,0.32655138,3.5146878,-0.03734456,-0.026903724,-0.06873977,0.5424689,-0.1628749,0.7803693,2016-12-08 23:28:36,NaN
9.069236,0.34476504,3.4572272,0.065918766,0.013053647,0.032972433,13.0,9.151895,0.32411683,3.5083025,-0.08074279,-0.01084883,-0.021493364,0.54193324,-0.16563435,0.7789393,2016-12-08 23:28:37,NaN
9.059659,0.30645782,3.514688,0.018329076,-0.010809928,4.3110483E-4,13.0,9.154463,0.32475245,3.501533,-0.083311565,-0.0251048,0.0125167705,0.54198945,-0.16649005,0.77834463,2016-12-08 23:28:38,NaN
9.050082,0.33518824,3.4572272,0.01579042,0.009291081,0.0067681796,16.0,9.151388,0.31968826,3.5100265,-0.06661617,0.0072000627,-0.050458215,0.5473229,-0.1465471,0.7880279,2016-12-08 23:28:39,NaN
9.078813,0.33518824,3.5913026,0.049772296,-0.0014649017,0.015445082,13.0,9.144238,0.31848204,3.5287204,-0.07308716,0.035647,-0.082772456,0.5430121,-0.15881824,0.7828776,2016-12-08 23:28:40,NaN
9.059659,0.33518824,3.4763808,-0.096837424,-5.979904E-4,-0.038654104,16.0,9.158773,0.32848945,3.489894,-0.10124231,-0.0016011223,-0.016705377,0.54303014,-0.16487345,0.77877474,2016-12-08 23:28:41,NaN
9.107543,0.35434186,3.4380736,-0.009792563,-0.02106277,-0.008964049,13.0,9.157475,0.3202446,3.4940634,-0.14080566,0.006643728,-0.03449521,0.5414101,-0.16949181,0.77680844,2016-12-08 23:28:42,NaN
9.088389,0.32561144,3.4955344,-0.020170536,-0.0012345476,-0.0066798944,13.0,9.141928,0.31360066,3.5351384,-0.0435354,-0.013953005,-0.048329204,0.54041237,-0.16647094,0.77943015,2016-12-08 23:28:43,NaN
9.059659,0.31603462,3.5051112,-0.042960286,-0.006824713,-0.01592509,13.0,9.141689,0.31983328,3.5351946,-0.070538335,-0.006565298,-0.062006082,0.54129463,-0.16357087,0.7806851,2016-12-08 23:28:44,NaN
9.069236,0.32561144,3.5051112,-0.043837912,-0.0043873563,-0.018649708,13.0,9.140005,0.32028794,3.539506,-0.068854086,-0.0070199524,-0.025456266,0.54167706,-0.16162114,0.78172225,2016-12-08 23:28:45,NaN
9.059659,0.33518824,3.4284968,-0.087282725,-0.0058732443,-0.028896196,13.0,9.163096,0.3438978,3.4770386,-0.07832448,-0.003389084,-0.0038500507,0.54330724,-0.16594452,0.77750564,2016-12-08 23:28:46,NaN
9.078813,0.35434186,3.4476504,0.0029678415,0.01158616,-6.286771E-5,11.0,9.147727,0.3269374,3.5188913,-0.06295504,-0.013669422,-0.018461956,0.542144,-0.16329828,0.7802458,2016-12-08 23:28:47,NaN
9.078813,0.34476504,3.466804,-0.0124151865,0.012816953,-0.003921099,11.0,9.16416,0.33646426,3.47496,-0.120249614,-0.02319627,-0.0017713351,0.5431524,-0.16676877,0.7772686,2016-12-08 23:28:48,NaN
9.002198,0.40222588,3.4093432,-0.07810536,-0.0012086836,-0.035233963,11.0,9.159542,0.33212155,3.4875343,-0.07476976,-0.0052332114,-0.08244741,0.5428809,-0.16572751,0.77819395,2016-12-08 23:28:49,NaN
9.040505,0.30645782,3.4284968,-4.7300852E-4,0.0068121706,0.004989608,11.0,9.161335,0.32881373,3.4831326,-0.049322218,-0.029166084,-0.023564389,0.5415272,-0.17075706,0.77567035,2016-12-08 23:28:50,NaN
9.078813,0.2777274,3.5051112,-0.15503019,-0.017454922,-0.058629032,16.0,9.159896,0.32617107,3.487164,-0.10236459,-0.02652342,-3.5497363E-4,0.5441736,-0.16149062,0.7804274,2016-12-08 23:28:51,NaN
9.14585,0.31603462,3.3806129,-0.016796654,0.013226262,-0.00821337,16.0,9.153828,0.33008707,3.502693,-0.02819505,-0.016819086,-0.16570786,0.5406713,-0.17054896,0.7761658,2016-12-08 23:28:52,NaN
9.088389,0.30645782,3.514688,-0.07676428,0.0038322133,-0.0268446,16.0,9.138319,0.31979227,3.5439067,-0.053546984,-0.020144625,-0.029856859,0.54076743,-0.16395639,0.7806917,2016-12-08 23:28:53,NaN
9.069236,0.31603462,3.5242648,-0.04558277,5.4463407E-4,-0.0145168025,16.0,9.142101,0.31144696,3.5348778,-0.07094984,0.0018210325,-0.020828309,0.5412615,-0.16372935,0.780844,2016-12-08 23:28:54,NaN
9.050082,0.35434186,3.4763808,0.07456562,0.02916314,0.04812133,13.0,9.151654,0.34674552,3.5067651,-0.06688219,-0.074338555,-0.04719695,0.54189605,-0.16599253,0.7780597,2016-12-08 23:28:55,NaN
9.078813,0.32561144,3.4859576,-0.010780625,9.71914E-4,-0.0014292664,13.0,9.147678,0.31644234,3.5199776,-0.06290682,-0.0031743436,-0.019548075,0.5411778,-0.16630617,0.77909166,2016-12-08 23:28:56,NaN
9.021352,0.30645782,3.5338416,0.098522335,0.017228825,0.04794835,13.0,9.148519,0.31734422,3.5177107,-0.1046075,-0.004076222,-0.07176287,0.5405206,-0.1687723,0.7777788,2016-12-08 23:28:57,NaN
9.097966,0.29688102,3.4859576,0.048622143,-0.0038632718,0.025473237,13.0,9.150655,0.31214887,3.512618,-0.09312364,-0.026121583,0.001431533,0.54148906,-0.166421,0.7789968,2016-12-08 23:28:58,NaN
9.059659,0.31603462,3.5338416,0.04105121,0.0113352155,0.019487577,16.0,9.157545,0.3101795,3.4947927,-0.10001361,0.0030884838,0.019257111,0.5422625,-0.16663317,0.77855146,2016-12-08 23:28:59,NaN
9.078813,0.32561144,3.5051112,0.009214441,5.915058E-4,0.0031798794,16.0,9.139747,0.3005537,3.541905,-0.054975193,0.012714286,-0.027855458,0.5401554,-0.16626859,0.78006536,2016-12-08 23:29:00,NaN
9.078813,0.33518824,3.4476504,-0.002279948,0.0053344755,0.0037455212,16.0,9.156045,0.31812307,3.4980032,-0.09851392,0.008765256,-0.07929588,0.5437066,-0.16135256,0.7809712,2016-12-08 23:29:01,NaN
9.069236,0.29688102,3.514688,0.04373717,0.019425444,0.021249272,16.0,9.152793,0.30764672,3.507439,-0.06802193,0.0056212563,0.006610657,0.5418872,-0.16591747,0.7792623,2016-12-08 23:29:02,NaN
9.069236,0.31603462,3.4763808,0.29167888,0.013604356,0.10832773,16.0,9.162443,0.3177479,3.4812472,-0.091291405,-0.0044799056,-0.021678956,0.5426083,-0.1675771,0.77755827,2016-12-08 23:29:03,NaN
9.069236,0.31603462,3.4955344,-0.21731135,0.0109121995,-0.07954314,16.0,9.156059,0.31157833,3.4985542,-0.0849077,0.0016896579,0.0018750424,0.5434357,-0.16217557,0.78077435,2016-12-08 23:29:04,NaN
9.078813,0.30645782,3.4763808,-0.2660209,-0.016503302,-0.10903321,16.0,9.159189,0.324201,3.4892035,-0.07441727,-0.0109330015,-0.029635312,0.5452276,-0.15756577,0.78239834,2016-12-08 23:29:05,NaN
9.078813,0.32561144,3.4476504,-0.32738456,-0.0045728683,-0.123349085,16.0,9.155122,0.30784932,3.5013406,-0.09759032,-0.008201674,-0.055392932,0.54576904,-0.15368,0.784937,2016-12-08 23:29:06,NaN
9.088389,0.30645782,3.514688,0.32266364,0.026474964,0.12509358,16.0,9.155946,0.3103189,3.4989645,-0.0711743,-0.010671239,0.015085133,0.5474999,-0.14780532,0.78745383,2016-12-08 23:29:07,NaN
9.078813,0.32561144,3.4380736,0.039746594,0.0020292816,0.011519834,16.0,9.162809,0.31166416,3.48083,-0.07803767,0.015224172,-0.021261634,0.5420564,-0.1694165,0.7768097,2016-12-08 23:29:08,NaN
9.069236,0.29688102,3.4763808,0.18313,0.019904127,0.07513996,16.0,9.152005,0.31097585,3.5091984,-0.080854185,-0.01132819,-0.036009874,0.5445479,-0.15667857,0.7836476,2016-12-08 23:29:09,NaN
9.069236,0.30645782,3.5242648,-0.10039533,-0.010183519,-0.04023563,16.0,9.151313,0.30908638,3.5111704,-0.06654135,-0.009438756,-0.01074107,0.54217684,-0.1643912,0.7800547,2016-12-08 23:29:10,NaN
9.078813,0.32561144,3.4380736,-0.097413346,-0.02593689,-0.03899409,16.0,9.145441,0.3012186,3.5271173,-0.060669735,-0.0015709611,-0.0947896,0.54088384,-0.16616781,0.7797664,2016-12-08 23:29:11,NaN
9.069236,0.34476504,3.4380736,0.0056373277,-0.009254711,0.0013342233,16.0,9.157179,0.3169262,3.4951444,-0.08602749,0.03720282,-0.049196277,0.5428669,-0.16459906,0.7793644,2016-12-08 23:29:12,NaN
9.078813,0.30645782,3.5051112,-0.24092452,-0.009378677,-0.08895502,16.0,9.15777,0.31620064,3.493661,-0.07299821,-0.016552985,0.020388955,0.5448213,-0.15824868,0.7824042,2016-12-08 23:29:13,NaN
9.069236,0.31603462,3.514688,0.040646963,0.011248391,0.014967219,16.0,9.148088,0.30889192,3.5195825,-0.076937005,0.0043760687,-0.0055328505,0.54159284,-0.16501048,0.77994525,2016-12-08 23:29:14,NaN
9.078813,0.30645782,3.466804,0.14547397,0.007312387,0.05284961,16.0,9.160076,0.33050153,3.4862826,-0.102544986,-0.030853897,5.2622554E-4,0.5428937,-0.16587795,0.77813905,2016-12-08 23:29:15,NaN
9.069236,0.33518824,3.4284968,0.022752026,-0.0024486126,9.332142E-4,16.0,9.153126,0.3139252,3.506013,-0.06835362,0.012963138,-0.073685296,0.5454192,-0.15414597,0.7846668,2016-12-08 23:29:16,NaN
9.059659,0.30645782,3.4955344,-0.037021138,-0.01599688,-0.016759688,16.0,9.145865,0.30179468,3.525969,-0.088334404,-0.0021470399,-0.052780513,0.5414171,-0.16459966,0.78049713,2016-12-08 23:29:17,NaN
9.069236,0.34476504,3.4380736,0.22689974,-0.016285472,0.07447147,16.0,9.142635,0.30126333,3.5343819,-0.07148438,0.03924537,-0.11567444,0.5424613,-0.15978871,0.783032,2016-12-08 23:29:18,NaN
9.078813,0.32561144,3.5242648,0.122210674,0.009992318,0.048432134,16.0,9.1471405,0.30439523,3.5224395,-0.07598847,0.008872757,-0.008390098,0.54270935,-0.16084832,0.7821628,2016-12-08 23:29:19,NaN
9.069236,0.31603462,3.4380736,-0.011156776,-0.009101767,-0.005576998,16.0,9.162515,0.32215342,3.4806533,-0.0913629,-0.008885408,-0.048325673,0.5433866,-0.16512766,0.77862674,2016-12-08 23:29:20,NaN
9.088389,0.32561144,3.4859576,-0.22471763,-0.0045116264,-0.083611935,16.0,9.156655,0.31182617,3.496975,-0.07188341,-0.012178527,-0.037406906,0.5442315,-0.15973751,0.781899,2016-12-08 23:29:21,NaN
9.088389,0.32561144,3.4955344,0.10010079,0.009221791,0.04204941,16.0,9.14589,0.3106515,3.5251353,-0.06111865,-0.011003871,-0.03832635,0.541447,-0.16463082,0.7802054,2016-12-08 23:29:22,NaN
9.078813,0.30645782,3.4955344,0.12029786,0.0020083573,0.043906868,16.0,9.159844,0.3206395,3.487815,-0.075072356,-0.020991845,-0.0010058973,0.5446501,-0.15977255,0.78142244,2016-12-08 23:29:23,NaN
9.069236,0.31603462,3.4476504,0.0343188,-0.00801846,0.011863971,16.0,9.162038,0.31828836,3.4822602,-0.09088656,-0.005020368,-0.03631206,0.5373359,-0.18364173,0.76918733,2016-12-08 23:29:24,NaN
9.050082,0.31603462,3.4476504,-0.027238578,-0.0127037,-0.0139069185,16.0,9.162889,0.31272423,3.4805284,-0.091736995,0.014164109,-0.034580417,0.5431677,-0.1658653,0.7785362,2016-12-08 23:29:25,NaN
9.078813,0.31603462,3.4476504,-0.051572513,-0.0054941606,-0.020237086,16.0,9.165111,0.31780598,3.4742103,-0.08033877,-0.0045379945,-0.041882735,0.5436405,-0.16528635,0.7785303,2016-12-08 23:29:26,NaN
9.078813,0.32561144,3.4476504,-0.03231383,-0.0028505465,-0.01279166,16.0,9.158045,0.3162065,3.4929395,-0.073273376,-0.0029385088,-0.046991613,0.5426994,-0.16549027,0.7788979,2016-12-08 23:29:27,NaN
9.078813,0.34476504,3.4572272,0.020817947,-0.0056153038,0.0077202683,16.0,9.14963,0.30942672,3.5155237,-0.06485793,0.031081965,-0.05595532,0.5434416,-0.15946557,0.7825225,2016-12-08 23:29:28,NaN
9.078813,0.33518824,3.4476504,0.12858313,0.013992539,0.052664444,16.0,9.156647,0.3246813,3.4958255,-0.0718751,0.0022070247,-0.04987754,0.5432869,-0.16310069,0.779887,2016-12-08 23:29:29,NaN
9.088389,0.31603462,3.4093432,-0.22710912,-0.023389138,-0.089745596,16.0,9.1609335,0.31868044,3.4851298,-0.076161385,-0.005412439,-0.08004282,0.53795075,-0.18142985,0.7704338,2016-12-08 23:29:30,NaN
9.059659,0.31603462,3.466804,0.10419308,0.0055939555,0.039472625,16.0,9.1535225,0.31047672,3.505285,-0.09599169,0.002791287,-0.018476088,0.54466134,-0.1569214,0.78345704,2016-12-08 23:29:31,NaN
9.078813,0.33518824,3.4380736,-0.02245894,7.90105E-4,-0.0044150897,16.0,9.168429,0.3189049,3.4653423,-0.0836574,-0.005636921,-0.03301463,0.5434802,-0.16717039,0.777371,2016-12-08 23:29:32,NaN
9.069236,0.31603462,3.4955344,-0.024585534,-0.0045810025,-0.008122812,16.0,9.158159,0.31814182,3.4924636,-0.073387265,-0.032114517,0.021586057,0.5425934,-0.16591029,0.7786236,2016-12-08 23:29:33,NaN
9.069236,0.30645782,3.4763808,0.12620123,0.01318482,0.0531991,16.0,9.163566,0.3184889,3.4782248,-0.09241369,-0.0052209236,0.008584418,0.5448834,-0.16050518,0.78091383,2016-12-08 23:29:34,NaN
9.078813,0.31603462,3.466804,0.34184444,0.013448866,0.129157,16.0,9.147534,0.30752707,3.5211413,-0.06276217,0.0057409406,-0.061572965,0.5477983,-0.14278932,0.79024494,2016-12-08 23:29:35,NaN
9.059659,0.30645782,3.4572272,-0.07059606,0.019838266,-0.01856638,16.0,9.159807,0.32078022,3.4878974,-0.07503578,-0.021132572,-0.014708961,0.5441949,-0.16130316,0.78068835,2016-12-08 23:29:36,NaN
9.059659,0.32561144,3.4572272,-0.02111758,0.0043750443,-0.0059654135,16.0,9.151008,0.30873963,3.5119975,-0.079856604,0.0045283563,-0.079669975,0.5420462,-0.16469352,0.7799352,2016-12-08 23:29:37,NaN
9.078813,0.32561144,3.41892,0.041482445,-0.017558293,0.010802077,16.0,9.153587,0.31830248,3.5044153,-0.096056536,0.008585874,-0.058467153,0.54141617,-0.16790819,0.7778913,2016-12-08 23:29:38,NaN
9.050082,0.33518824,3.466804,-0.14875197,-0.010124077,-0.059129313,16.0,9.154464,0.31338313,3.5025682,-0.0833124,-1.15137824E-4,-0.056620374,0.5440638,-0.15941522,0.7821368,2016-12-08 23:29:39,NaN
9.078813,0.31603462,3.5051112,-0.026611555,0.008662949,-0.00866522,16.0,9.149718,0.3106848,3.5151873,-0.06494605,0.002583197,-0.014758009,0.54205203,-0.16417949,0.78020245,2016-12-08 23:29:40,NaN
9.059659,0.30645782,3.4955344,0.0,0.0,0.0,16.0,9.165063,0.3191555,3.4742126,-0.10753208,-0.019507887,0.012596161,0.54302394,-0.1673003,0.77749753,2016-12-08 23:29:41,NaN
9.069236,0.30645782,3.5051112,-0.10643299,-0.0044857985,-0.04285547,16.0,9.164148,0.32364982,3.4762106,-0.092997275,-0.01038181,0.024218846,0.54925585,-0.14519139,0.7876974,2016-12-08 23:29:42,NaN
9.078813,0.32561144,3.4572272,0.06770544,-0.020792088,0.022693632,13.0,9.155181,0.3054118,3.5013974,-0.07040865,-0.0057641394,-0.06906981,0.54877514,-0.14256331,0.789912,2016-12-08 23:29:43,NaN
9.088389,0.32561144,3.4476504,-0.004013189,0.008481011,0.0027081748,16.0,9.159986,0.31738693,3.48774,-0.10245438,-0.01773928,-0.028171772,0.5457614,-0.15594646,0.7833108,2016-12-08 23:29:44,NaN
9.078813,0.33518824,3.4476504,-0.004971396,9.5172325E-4,-0.008351458,16.0,9.156042,0.3107368,3.498674,-0.09851142,0.029771881,-0.052726056,0.54422295,-0.15949498,0.78208405,2016-12-08 23:29:45,NaN
9.050082,0.32561144,3.4859576,0.17848164,7.3393254E-4,0.063645035,16.0,9.14396,0.30430374,3.5306952,-0.07280784,0.008964254,-0.07112691,0.5440938,-0.154747,0.7852321,2016-12-08 23:29:46,NaN
9.059659,0.30645782,3.4572272,-0.29612055,-0.0033236097,-0.10775488,16.0,9.148614,0.3082172,3.518275,-0.09108275,-0.008569558,-0.03146588,0.54424727,-0.15624626,0.78413737,2016-12-08 23:29:47,NaN
9.078813,0.29688102,3.3614593,0.026368808,0.0020990064,0.012593166,16.0,9.155211,0.3089233,3.501005,-0.09768094,-0.009275661,-0.014196037,0.5432245,-0.1624977,0.78075063,2016-12-08 23:29:48,NaN
9.069236,0.33518824,3.4572272,-0.12120947,-0.0022397083,-0.046215046,16.0,9.162786,0.32792163,3.4794014,-0.091633916,0.0125870425,-0.00621287,0.5437402,-0.16415374,0.7789081,2016-12-08 23:29:49,NaN
9.050082,0.30645782,3.514688,-0.016297735,0.003132883,-0.0032666929,16.0,9.16021,0.31730664,3.4871564,-0.11629918,-0.0040386566,-3.4749176E-4,0.54410386,-0.16172668,0.780567,2016-12-08 23:29:50,NaN
9.069236,0.30645782,3.5051112,0.3975298,0.012872075,0.1536301,16.0,9.145574,0.31194928,3.5258436,-0.060801916,0.0013187074,-0.03903463,0.54619616,-0.1479925,0.78797364,2016-12-08 23:29:51,NaN
9.069236,0.31603462,3.5051112,0.0445985,0.024445277,0.024662113,16.0,9.154072,0.3125282,3.5036688,-0.09654037,7.397969E-4,0.02400104,0.542344,-0.16500185,0.7794863,2016-12-08 23:29:52,NaN
9.078813,0.32561144,3.4284968,-0.028045567,-0.0049278312,-0.008444636,16.0,9.162486,0.3209949,3.4808333,-0.07771429,0.019513784,-0.04850586,0.54163504,-0.17075822,0.7758542,2016-12-08 23:29:53,NaN
9.078813,0.30645782,3.5051112,-0.09847339,-0.010417304,-0.037737124,16.0,9.146895,0.30625603,3.5229125,-0.062123716,0.0070119766,-0.022483466,0.5417754,-0.16389295,0.78064513,2016-12-08 23:29:54,NaN
9.069236,0.30645782,3.514688,0.053451195,0.019026065,0.024890367,16.0,9.157601,0.316389,3.494085,-0.072829455,-0.016741356,-0.0072761285,0.5417315,-0.1684585,0.77744335,2016-12-08 23:29:55,NaN
9.050082,0.31603462,3.4476504,-0.02074086,0.0053417417,-0.010653048,16.0,9.161189,0.31614316,3.4846888,-0.09003778,-0.0028751725,0.029360978,0.54219323,-0.1683948,0.7772742,2016-12-08 23:29:56,NaN
9.078813,0.30645782,3.4859576,0.2846289,0.0031647384,0.10807718,16.0,9.15234,0.31098974,3.5083234,-0.094809555,-0.011342089,-0.0896163,0.5424467,-0.16394185,0.78015524,2016-12-08 23:29:57,NaN
9.069236,0.32561144,3.4572272,0.3333849,-0.010395853,0.11952807,16.0,9.144503,0.31537876,3.5283146,-0.07335152,-0.015731122,-0.068746425,0.5445857,-0.15340279,0.78549254,2016-12-08 23:29:58,NaN
9.078813,0.32561144,3.514688,0.3963034,0.014731852,0.15406963,16.0,9.140426,0.3068003,3.5396168,-0.05565355,0.0064676697,-0.025567248,0.5428848,-0.15749882,0.7840834,2016-12-08 23:29:59,NaN
9.050082,0.31603462,3.5242648,-0.2533198,-0.006788824,-0.09835364,16.0,9.141528,0.3016415,3.5372112,-0.09761775,-0.015614217,-0.02316141,0.5436295,-0.15530431,0.78519917,2016-12-08 23:30:00,NaN
9.059659,0.31603462,3.466804,0.0034396606,0.005986636,1.1243943E-4,16.0,9.1606655,0.32718396,3.4850466,-0.1031344,-0.01391596,-0.011858157,0.5428907,-0.16607732,0.77811,2016-12-08 23:30:01,NaN
9.050082,0.2777274,3.5338416,-0.05689815,0.004935775,-0.031338543,16.0,9.156528,0.34053892,3.4946256,-0.09899774,-0.054511625,0.046664905,0.5419678,-0.16761462,0.7771617,2016-12-08 23:30:02,NaN
9.069236,0.29688102,3.5242648,0.11704342,0.006212264,0.053221814,19.0,9.1444235,0.30815572,3.5291595,-0.114132755,-0.022128414,0.025750969,0.54213053,-0.16173282,0.7817824,2016-12-08 23:30:03,NaN
9.078813,0.2777274,3.4572272,0.1572698,0.013867757,0.06524602,16.0,9.163621,0.3326588,3.4767478,-0.10608974,-0.033011176,-0.030799784,0.54732627,-0.15221442,0.7843494,2016-12-08 23:30:04,NaN
9.021352,0.36391866,3.4859576,0.009935077,0.011950455,0.009605575,16.0,9.141679,0.3302039,3.534268,-0.1794903,0.037545502,-0.074699506,0.5416474,-0.16254385,0.78086674,2016-12-08 23:30:05,NaN
9.069236,0.33518824,3.4955344,0.026866902,-0.005520352,0.0032611734,16.0,9.139969,0.32088453,3.539547,-0.0960582,0.033244487,-0.06635846,0.54017365,-0.1665705,0.77926284,2016-12-08 23:30:06,NaN
9.069236,0.32561144,3.4955344,-0.106507584,-0.009976148,-0.041442245,16.0,9.151723,0.32829207,3.5083604,-0.10781223,0.025836958,-0.021551557,0.5409586,-0.16878161,0.77724165,2016-12-08 23:30:07,NaN
9.069236,0.34476504,3.4763808,-0.07254501,-0.012324716,-0.028004218,13.0,9.153999,0.32691723,3.502546,-0.069227345,0.013591433,-0.042977996,0.54168427,-0.16732612,0.7778861,2016-12-08 23:30:08,NaN
9.069236,0.32561144,3.5242648,0.007951541,0.011758525,0.0036175675,16.0,9.148431,0.33247498,3.5165422,-0.07727951,-0.019206999,0.02474798,0.5424167,-0.1627584,0.7802965,2016-12-08 23:30:09,NaN
9.069236,0.33518824,3.5434184,0.094183974,0.0027218738,0.03802081,16.0,9.127923,0.31475,3.5710425,-0.084012374,-0.0014820099,-0.029752111,0.5409562,-0.1590406,0.7838447,2016-12-08 23:30:10,NaN
9.040505,0.30645782,3.5338416,3.7451458E-4,-0.019622568,-0.004486229,16.0,9.141195,0.3197325,3.536482,-0.09728439,-0.006464475,-0.02243234,0.5417282,-0.1619261,0.7815213,2016-12-08 23:30:11,NaN
9.050082,0.34476504,3.466804,-0.10077698,0.001656984,-0.04023984,9.0,9.14634,0.3189284,3.5232286,-0.102429435,0.021580288,-0.06366041,0.5417383,-0.16396642,0.7802482,2016-12-08 23:30:12,NaN
9.050082,0.34476504,3.466804,-0.038399305,-0.007151793,-0.018276028,9.0,9.144063,0.32565,3.528522,-0.07291092,0.028479025,-0.08257419,0.5416466,-0.16344576,0.78042746,2016-12-08 23:30:13,NaN
9.050082,0.33518824,3.5051112,0.13469963,-0.0073725847,0.042207383,16.0,9.134199,0.32526323,3.5540137,-0.049427796,0.028865796,-0.012723353,0.5402325,-0.16414824,0.78066254,2016-12-08 23:30:14,NaN
9.069236,0.32561144,3.4859576,0.025314122,-0.006137163,0.009190786,13.0,9.15052,0.32660282,3.5116546,-0.106609315,2.8553244E-4,-0.052086357,0.54369354,-0.15922554,0.7820617,2016-12-08 23:30:15,NaN
9.069236,0.32561144,3.514688,0.30322367,0.012075909,0.11998654,13.0,9.147833,0.32359347,3.5189257,-0.10392166,-0.010325488,0.00874424,0.5423389,-0.16264455,0.7806631,2016-12-08 23:30:16,NaN
9.050082,0.30645782,3.5529952,0.012336732,0.009344987,0.008391687,13.0,9.132552,0.31769234,3.5589263,-0.07502081,-0.004424363,-0.031256385,0.5407863,-0.16154033,0.7822753,2016-12-08 23:30:17,NaN
9.059659,0.35434186,3.4763808,0.002800801,-0.010338924,-0.0053210277,9.0,9.148336,0.32894704,3.5171218,-0.13166612,0.025181983,-0.057553533,0.5415893,-0.16540176,0.77910954,2016-12-08 23:30:18,NaN
9.050082,0.32561144,3.5242648,0.0,0.0,0.0,9.0,9.15052,0.32138807,3.512135,-0.07936862,-0.008120075,-0.011705817,0.5425401,-0.16303755,0.78038174,2016-12-08 23:30:19,NaN
9.059659,0.33518824,3.4763808,-0.092622206,0.007304127,-0.03199699,9.0,9.138581,0.320319,3.5431798,-0.08105038,0.0065693245,-0.08361126,0.5417479,-0.16080202,0.782202,2016-12-08 23:30:20,NaN
9.078813,0.35434186,3.4572272,0.33925346,0.014261089,0.13217375,9.0,9.15616,0.3346433,3.4961596,-0.098629475,0.019485725,-0.063832074,0.54680735,-0.15082204,0.78538793,2016-12-08 23:30:21,NaN
9.030929,0.31603462,3.5529952,0.1822525,0.014527139,0.07611918,9.0,9.132738,0.3153005,3.5586612,-0.10244856,-0.0020324995,-0.030991195,0.5438979,-0.15077728,0.78741133,2016-12-08 23:30:22,NaN
9.059659,0.34476504,3.4763808,-0.019373098,-0.013926284,-0.009915347,9.0,9.145848,0.3174216,3.5246437,-0.11555764,0.02308711,-0.065075316,0.5416198,-0.16413781,0.78023964,2016-12-08 23:30:23,NaN
9.069236,0.30645782,3.4859576,-0.022910457,-0.017163595,-0.013486316,9.0,9.144744,0.32026654,3.5272496,-0.1008333,-0.0069985716,-0.06768109,0.54149985,-0.16412896,0.7802196,2016-12-08 23:30:24,NaN
9.059659,0.32561144,3.4859576,0.0025090622,0.010297735,0.0055418788,9.0,9.152532,0.32415557,3.5066354,-0.067760065,0.0027327568,-0.019826567,0.5420172,-0.16561615,0.77890986,2016-12-08 23:30:25,NaN
9.078813,0.31603462,3.5625722,0.017344518,0.023194512,0.0117770815,9.0,9.147194,0.3267401,3.520295,-0.103283204,0.013768582,0.020995405,0.54165155,-0.16470744,0.77958924,2016-12-08 23:30:26,NaN
9.069236,0.32561144,3.5051112,0.052483935,-4.5305706E-4,0.01791196,9.0,9.153453,0.32678005,3.5039866,-0.068681166,-0.013512041,0.010063129,0.5419395,-0.16627687,0.7784457,2016-12-08 23:30:27,NaN
9.040505,0.33518824,3.4859576,-0.27597278,-0.01676521,-0.109842986,9.0,9.144519,0.31664002,3.5281582,-0.100608006,0.010248305,-0.068590134,0.54345876,-0.15737386,0.78360194,2016-12-08 23:30:28,NaN
9.040505,0.32561144,3.514688,-0.076367974,-0.014785808,-0.030965487,9.0,9.12962,0.30826733,3.5672698,-0.0584684,0.00500065,-0.09408132,0.5392106,-0.16544421,0.78081256,2016-12-08 23:30:29,NaN
9.040505,0.32561144,3.5434184,0.11158282,0.011506061,0.046893734,9.0,9.134656,0.310974,3.554119,-0.077124886,-0.011326347,7.914166E-4,0.5406256,-0.16283187,0.78173023,2016-12-08 23:30:30,NaN
9.030929,0.30645782,3.4955344,-0.012165289,-0.0025331823,-0.0035329508,9.0,9.145753,0.31723818,3.5249085,-0.115462035,-0.01759055,-0.038099397,0.5412314,-0.1653733,0.7796413,2016-12-08 23:30:31,NaN
9.030929,0.33518824,3.4380736,0.46508628,0.01054711,0.17960493,9.0,9.149884,0.33334303,3.512677,-0.092353,-0.020075053,-0.025868185,0.5462307,-0.15011762,0.7861341,2016-12-08 23:30:32,NaN
9.069236,0.32561144,3.4859576,-0.19653793,-0.00292367,-0.073334694,9.0,9.149367,0.32679218,3.5146382,-0.10545627,9.617334E-5,-0.041449614,0.54232156,-0.16337293,0.7801177,2016-12-08 23:30:33,NaN
9.059659,0.36391866,3.466804,-0.054953888,-0.02244563,-0.0359491,9.0,9.138753,0.32434446,3.542371,-0.081221625,0.02978456,-0.0828028,0.5442094,-0.1523992,0.7860385,2016-12-08 23:30:34,NaN
9.069236,0.34476504,3.4380736,0.011314119,0.002135904,0.0032372545,9.0,9.155159,0.33918607,3.4983456,-0.08400738,-0.025918093,-0.011536643,0.54170465,-0.1678993,0.777141,2016-12-08 23:30:35,NaN
9.050082,0.32561144,3.5434184,0.04598982,-0.0048086713,0.014082598,9.0,9.149953,0.32743037,3.5130558,-0.106042355,-0.014162368,9.938431E-4,0.54294616,-0.16153477,0.78095907,2016-12-08 23:30:36,NaN
9.069236,0.30645782,3.5338416,-0.014700158,0.0046476023,-8.5079705E-4,9.0,9.142283,0.3220863,3.5334544,-0.09837342,-0.022438653,-0.019404672,0.5416395,-0.16269776,0.7810086,2016-12-08 23:30:37,NaN
9.040505,0.32561144,3.4955344,-0.0034744001,7.6283317E-4,-0.0059186444,9.0,9.152124,0.33339453,3.5068285,-0.06735272,-0.0065061967,-0.020019433,0.5415998,-0.16694659,0.77797914,2016-12-08 23:30:38,NaN
9.059659,0.33518824,3.5338416,-0.09822271,-0.005316898,-0.040016666,9.0,9.14608,0.32794574,3.523078,-0.07492854,-0.0010573871,0.004591796,0.54253834,-0.16132301,0.7812743,2016-12-08 23:30:39,NaN
9.069236,0.32561144,3.5338416,-0.070044294,0.0039182506,-0.026554642,9.0,9.132572,0.31441522,3.5591645,-0.08866195,-0.0011472217,-0.031494558,0.53970516,-0.16507989,0.78063303,2016-12-08 23:30:40,NaN
9.059659,0.34476504,3.4572272,0.16282745,-3.5766486E-4,0.058593664,9.0,9.149033,0.32586628,3.5155942,-0.07788138,0.0146424025,-0.056025982,0.54403025,-0.15743463,0.783024,2016-12-08 23:30:41,NaN
9.059659,0.32561144,3.5338416,-0.028380185,9.832166E-4,-0.009979462,9.0,9.147042,0.32072678,3.521241,-0.1031319,-0.0074587855,-0.0071913344,0.54125214,-0.1658697,0.7792106,2016-12-08 23:30:42,NaN
9.088389,0.31603462,3.5434184,0.015263134,-0.009945021,0.0013854594,9.0,9.146491,0.32829165,3.5219774,-0.07534004,-0.015023667,0.032933157,0.54198784,-0.16333486,0.7802579,2016-12-08 23:30:43,NaN
9.059659,0.31603462,3.4572272,-0.1057434,4.2656573E-4,-0.042005014,9.0,9.155732,0.3458257,3.4961927,-0.07096065,-0.0053170193,-0.036624637,0.54284877,-0.1644963,0.778595,2016-12-08 23:30:44,NaN
9.069236,0.33518824,3.514688,0.02369526,-0.002861018,0.015523308,9.0,9.149603,0.33310366,3.5134315,-0.105692364,-0.019835684,-0.026622608,0.5418995,-0.16495411,0.7791272,2016-12-08 23:30:45,NaN
9.050082,0.33518824,3.4859576,0.052005906,-0.003986605,0.016839683,9.0,9.144645,0.32440555,3.5271268,-0.10073437,0.016103137,-0.040317774,0.54437083,-0.1543599,0.7847733,2016-12-08 23:30:46,NaN
9.059659,0.35434186,3.4476504,-0.09158149,-0.0041776435,-0.030683242,9.0,9.147245,0.3303019,3.5198274,-0.0897144,0.023827113,-0.060259063,0.548198,-0.14148423,0.79018754,2016-12-08 23:30:47,NaN
9.059659,0.33518824,3.4859576,-0.0048594614,-0.010548484,-0.005657575,9.0,9.136438,0.31718963,3.5489814,-0.06528688,-0.0039216224,-0.06217235,0.54595333,-0.1448699,0.78976977,2016-12-08 23:30:48,NaN
9.078813,0.34476504,3.466804,-0.10067734,-0.01517925,-0.045859437,9.0,9.155156,0.33682755,3.4985807,-0.09762523,0.003681163,-0.039012186,0.5433436,-0.16248038,0.7799004,2016-12-08 23:30:49,NaN
9.050082,0.35434186,3.4572272,0.07807219,0.02392445,0.03464417,9.0,9.143535,0.32080784,3.5303335,-0.09962373,0.006080508,-0.05714494,0.5405839,-0.1666499,0.7790213,2016-12-08 23:30:50,NaN
9.059659,0.32561144,3.466804,0.3166087,0.0075345603,0.115306534,9.0,9.149338,0.33888242,3.5135713,-0.064566135,-0.011994077,4.7842466E-4,0.54262704,-0.16252257,0.780159,2016-12-08 23:30:51,NaN
9.040505,0.32561144,3.5434184,-0.082621895,-0.0088885315,-0.031023892,9.0,9.1434555,0.322626,3.5303738,-0.08592441,-0.009357988,-0.016324215,0.54170066,-0.16297694,0.7807869,2016-12-08 23:30:52,NaN
9.097966,0.32561144,3.3997664,-0.10652404,-0.007287975,-0.03961847,9.0,9.168124,0.31769377,3.466262,-0.06973196,-0.018046139,-0.03393469,0.54204106,-0.17164318,0.7751842,2016-12-08 23:30:53,NaN
9.097966,0.31603462,3.41892,0.10649555,0.007582689,0.04419041,9.0,9.177132,0.32523322,3.4416375,-0.07873931,-0.011965241,-0.022930302,0.5424177,-0.17409289,0.773167,2016-12-08 23:30:54,NaN
9.097966,0.37349546,3.3806129,-0.029626433,-0.0034663267,-0.018709287,9.0,9.175276,0.31909153,3.4471548,-0.09050415,0.035037514,-0.0693086,0.5446421,-0.16615966,0.7774549,2016-12-08 23:30:55,NaN
9.126697,0.32561144,3.4284968,0.27940753,0.020704476,0.10829183,9.0,9.184121,0.34319967,3.4211884,-0.0721087,-0.029931678,-0.0024810745,0.55244637,-0.14272694,0.7869047,2016-12-08 23:30:56,NaN
9.088389,0.33518824,3.4093432,0.08164313,0.013369788,0.036188662,13.0,9.179927,0.32564166,3.4341376,-0.09515539,0.0012466683,-0.029050687,0.55382913,-0.13483724,0.7909285,2016-12-08 23:30:57,NaN
9.107543,0.33518824,3.4093432,-0.06767699,-5.310733E-4,-0.028422289,9.0,9.155185,0.3175725,3.500306,-0.07041281,0.03655652,-0.067978285,0.5435866,-0.16139285,0.7810202,2016-12-08 23:30:58,NaN
9.097966,0.31603462,3.4284968,0.01317491,0.022158595,0.01303396,16.0,9.169163,0.33174172,3.4621925,-0.070771106,-0.018473724,-0.0026242696,0.5532458,-0.13189527,0.79266757,2016-12-08 23:30:59,NaN
9.040505,0.41180268,3.4476504,0.3865585,0.011571819,0.12991485,11.0,9.16604,0.32344258,3.4712346,-0.10850971,0.085167855,-0.052527163,0.54823387,-0.14985333,0.78553087,2016-12-08 23:31:00,NaN
9.088389,0.33518824,3.4763808,0.22465591,0.014356168,0.08945002,11.0,9.176411,0.3236399,3.4437103,-0.07801855,0.003248435,0.015858052,0.55267847,-0.13771777,0.7900488,2016-12-08 23:31:01,NaN
9.11712,0.31603462,3.4284968,0.014378908,-0.009315852,0.0040504388,16.0,9.167604,0.3067688,3.4686205,-0.06921238,0.006499182,-0.03629294,0.55360746,-0.12910587,0.7945132,2016-12-08 23:31:02,NaN
9.097966,0.29688102,3.466804,0.0068724346,2.7024676E-4,-6.167143E-4,16.0,9.159559,0.30661726,3.489819,-0.061167695,-0.020589953,-0.016630556,0.5529822,-0.1275911,0.79564446,2016-12-08 23:31:03,NaN
9.107543,0.33518824,3.41892,0.0073534236,-0.0053568915,0.0035494086,16.0,9.179213,0.33577743,3.4350698,-0.067200586,0.018351598,-0.04360336,0.5550041,-0.12973316,0.79272926,2016-12-08 23:31:04,NaN
9.088389,0.30645782,3.4093432,0.068452805,0.0114301685,0.029290846,16.0,9.175197,0.32304555,3.4469995,-0.07680483,-0.009777545,-0.041912455,0.5455608,-0.16314238,0.77880454,2016-12-08 23:31:05,NaN
9.078813,0.31603462,3.3806129,-0.040464956,-0.014223422,-0.01607383,16.0,9.183312,0.31792703,3.425798,-0.07129982,-0.0046590553,-0.047951575,0.54634887,-0.16381656,0.77814215,2016-12-08 23:31:06,NaN
9.078813,0.33518824,3.3901896,-0.07685801,-0.002411323,-0.029698525,16.0,9.19002,0.33485857,3.40614,-0.105248444,0.0056501185,-0.014673631,0.5467979,-0.16537023,0.7764549,2016-12-08 23:31:07,NaN
9.097966,0.30645782,3.4380736,0.20707944,0.0036319068,0.078723,16.0,9.1719885,0.30892664,3.4568155,-0.07359676,0.004341335,-0.024487985,0.54541075,-0.16210675,0.7799292,2016-12-08 23:31:08,NaN
9.097966,0.30645782,3.4284968,0.09993674,-0.0046127993,0.03246684,16.0,9.182292,0.32110387,3.4282355,-0.07027979,0.0057844548,-0.02314873,0.5466101,-0.16256103,0.77870977,2016-12-08 23:31:09,NaN
9.107543,0.32561144,3.4284968,0.09172303,-0.0031722125,0.035111982,16.0,9.181938,0.3154036,3.4297125,-0.06992565,-0.0021356093,-0.024625778,0.54570353,-0.16535121,0.77756184,2016-12-08 23:31:10,NaN
9.097966,0.33518824,3.41892,0.02976853,-0.0024190606,0.012530974,16.0,9.185117,0.3264515,3.4201522,-0.08672497,-0.013183515,-0.0014450421,0.5454771,-0.16755752,0.775945,2016-12-08 23:31:11,NaN
9.088389,0.33518824,3.3997664,-0.004946249,-0.008284626,-0.0015056607,16.0,9.175647,0.31274188,3.4467509,-0.09087492,5.261217E-4,-0.068904795,0.54447645,-0.16676371,0.7773344,2016-12-08 23:31:12,NaN
9.097966,0.30645782,3.4380736,-0.013271357,0.0024024365,-0.0029722452,16.0,9.1781225,0.31482667,3.439964,-0.07973024,-0.0015586731,-0.007636506,0.54509634,-0.16577297,0.7776056,2016-12-08 23:31:13,NaN
9.097966,0.30645782,3.3997664,-0.07552149,-0.0153217465,-0.03273067,16.0,9.180606,0.31894687,3.4329507,-0.082213394,-0.019299226,-0.014243629,0.54617685,-0.16327617,0.77853656,2016-12-08 23:31:14,NaN
9.088389,0.29688102,3.4380736,-0.015023719,0.013395466,-4.0141627E-4,16.0,9.17341,0.3065579,3.453252,-0.10225901,-0.006910244,-0.02092474,0.54476506,-0.16481578,0.77861136,2016-12-08 23:31:15,NaN
9.107543,0.31603462,3.4476504,0.10325025,0.009794247,0.039920785,16.0,9.183558,0.31800148,3.4251318,-0.0715459,-0.0047335103,-0.006424857,0.5489467,-0.15499826,0.7822579,2016-12-08 23:31:16,NaN
9.097966,0.32561144,3.4476504,-0.1449807,-0.0088036535,-0.054624658,16.0,9.170233,0.31012046,3.4613678,-0.058219835,-0.010472815,-0.042660434,0.5481391,-0.15186468,0.7847509,2016-12-08 23:31:17,NaN
9.097966,0.31603462,3.3806129,0.027122473,-0.002682493,0.008234044,16.0,9.183006,0.3259912,3.4258623,-0.08461425,8.9712424E-4,-0.034395866,0.54602027,-0.16489838,0.7773886,2016-12-08 23:31:18,NaN
9.069236,0.30645782,3.4572272,0.09005518,-9.394329E-4,0.031948123,16.0,9.173322,0.31007853,3.4531734,-0.07492937,0.0031894632,-0.020845765,0.54433477,-0.1662433,0.7778119,2016-12-08 23:31:19,NaN
9.088389,0.30645782,3.3997664,-0.05784929,-0.008945544,-0.021988977,16.0,9.171278,0.3077703,3.458803,-0.07288598,0.005497675,-0.05371616,0.54484034,-0.16370444,0.77924037,2016-12-08 23:31:20,NaN
9.107543,0.30645782,3.4380736,0.03963103,-0.0014628503,0.012949877,16.0,9.183677,0.31944168,3.4246812,-0.09890464,-0.019794017,-0.0059740734,0.54520017,-0.16776952,0.7761475,2016-12-08 23:31:21,NaN
9.097966,0.33518824,3.371036,0.037962295,0.005986333,0.01695076,16.0,9.181012,0.31255814,3.4324486,-0.06899956,0.014330192,-0.040982205,0.5457121,-0.16490012,0.7779248,2016-12-08 23:31:22,NaN
9.088389,0.32561144,3.4380736,-0.099983096,0.002662335,-0.0376384,16.0,9.171699,0.3128763,3.457232,-0.08692698,-0.013228665,-0.02490427,0.54449874,-0.16508003,0.77839065,2016-12-08 23:31:23,NaN
9.097966,0.30645782,3.4476504,0.005189495,0.0012276254,0.0065641203,16.0,9.184221,0.32259357,3.4229238,-0.07220929,-0.022945939,0.009403893,0.54478717,-0.16937079,0.7752224,2016-12-08 23:31:24,NaN
9.088389,0.30645782,3.4380736,-0.05603341,-0.016764006,-0.027414653,16.0,9.17959,0.31880644,3.435676,-0.0948187,-0.0055384357,-0.016968697,0.54401284,-0.1699394,0.77533454,2016-12-08 23:31:25,NaN
9.107543,0.30645782,3.4380736,-0.022370797,0.007953887,-0.002913407,16.0,9.174259,0.3128994,3.4504275,-0.075867094,3.685865E-4,-0.004479568,0.5448429,-0.16499509,0.77827716,2016-12-08 23:31:26,NaN
9.11712,0.30645782,3.4476504,0.0081064915,-0.0019559737,0.0014087365,16.0,9.172538,0.31376812,3.4549248,-0.06052509,-5.001429E-4,-0.008977009,0.5442786,-0.16615857,0.7777856,2016-12-08 23:31:27,NaN
9.107543,0.33518824,3.3997664,-0.060153313,-0.01199573,-0.032092262,16.0,9.176157,0.31866157,3.4448507,-0.09138536,0.008226769,-0.0670044,0.5514294,-0.14243296,0.78823835,2016-12-08 23:31:28,NaN
9.097966,0.32561144,3.3997664,-0.0054730834,0.010560155,-0.00125685,16.0,9.180137,0.32431993,3.4337015,-0.06812418,-0.011051932,-0.028614867,0.54923344,-0.15255354,0.783399,2016-12-08 23:31:29,NaN
9.11712,0.31603462,3.41892,0.08467024,0.0017174191,0.032822873,16.0,9.186287,0.32798025,3.4168658,-0.074274294,-0.014712261,0.01546193,0.5464349,-0.1649162,0.777118,2016-12-08 23:31:30,NaN
9.097966,0.33518824,3.3806129,0.024663359,-0.012304057,0.005206784,16.0,9.178613,0.31653684,3.4384959,-0.09384107,0.02397184,-0.08789048,0.5450394,-0.16618532,0.77732134,2016-12-08 23:31:31,NaN
9.107543,0.33518824,3.371036,-0.043629806,-0.01715543,-0.023828411,16.0,9.174063,0.31058705,3.4511604,-0.08929125,0.016301276,-0.073314324,0.54471624,-0.16529962,0.7782124,2016-12-08 23:31:32,NaN
9.088389,0.32561144,3.371036,0.07911626,-0.008240306,0.02217036,16.0,9.180917,0.31496948,3.4324846,-0.096145496,0.039159562,-0.06825865,0.55043274,-0.148377,0.7854742,2016-12-08 23:31:33,NaN
9.088389,0.33518824,3.371036,-0.08887919,-0.014120532,-0.037604228,16.0,9.183707,0.3173219,3.4247928,-0.09893623,0.009566441,-0.019705817,0.5454412,-0.16696726,0.77660626,2016-12-08 23:31:34,NaN
9.107543,0.30645782,3.4476504,0.0054233917,0.010051452,0.007764667,16.0,9.180659,0.315478,3.4331262,-0.06864708,-0.015830358,-0.014419038,0.5443692,-0.16917855,0.7757556,2016-12-08 23:31:35,NaN
9.088389,0.35434186,3.3901896,-0.08865817,-0.011283972,-0.03554037,16.0,9.173291,0.314813,3.4528294,-0.08851896,0.012075365,-0.061362848,0.5437732,-0.16812323,0.7767392,2016-12-08 23:31:36,NaN
9.097966,0.32561144,3.41892,-0.09884761,-0.008718961,-0.04026378,16.0,9.178726,0.32402927,3.437497,-0.08033461,-0.010761282,-0.0460304,0.5469706,-0.15987374,0.7801177,2016-12-08 23:31:37,NaN
9.097966,0.31603462,3.4093432,-0.05303109,0.010014116,-0.01880864,16.0,9.181632,0.318628,3.430231,-0.06961973,-0.005360014,-0.011523966,0.5457909,-0.16498215,0.7776597,2016-12-08 23:31:38,NaN
9.107543,0.30645782,3.4093432,0.408854,0.014333719,0.15666181,16.0,9.172956,0.30940846,3.4542058,-0.08818393,-0.009760814,-0.035498403,0.54568315,-0.16159967,0.7800976,2016-12-08 23:31:39,NaN
9.107543,0.32561144,3.4476504,0.039288424,-0.010858708,0.011253893,16.0,9.175369,0.31708497,3.447089,-0.0633574,-0.017437328,-0.028381892,0.5513879,-0.14219245,0.7884351,2016-12-08 23:31:40,NaN
9.107543,0.32561144,3.4380736,-0.040700655,-0.0057387417,-0.0155472355,16.0,9.18118,0.31932053,3.4313796,-0.069167495,0.0075678183,-0.012672227,0.5456055,-0.16541742,0.7774542,2016-12-08 23:31:41,NaN
9.107543,0.32561144,3.4572272,-0.017308278,-0.01313467,-0.010005437,16.0,9.179124,0.3141567,3.4373505,-0.06711163,-8.8870706E-4,-0.01864339,0.5451518,-0.16599186,0.77745897,2016-12-08 23:31:42,NaN
9.11712,0.30645782,3.4476504,0.101275265,0.01600495,0.042864583,16.0,9.176245,0.31535113,3.4449182,-0.064232774,-0.0020831323,0.014650145,0.54514056,-0.16486295,0.7781456,2016-12-08 23:31:43,NaN
9.107543,0.31603462,3.4284968,-0.19111514,-0.014006057,-0.07402969,16.0,9.184364,0.3167854,3.4230814,-0.07235145,-0.003517419,-0.0043744063,0.5506457,-0.14920022,0.7848378,2016-12-08 23:31:44,NaN
9.107543,0.30645782,3.4380736,-0.3490444,6.784538E-4,-0.12682568,16.0,9.178039,0.31522918,3.4401486,-0.06602676,-0.001961188,-0.007821059,0.5471273,-0.15891168,0.7808782,2016-12-08 23:31:45,NaN
9.11712,0.31603462,3.4380736,0.10464482,0.0049734614,0.038961444,16.0,9.182454,0.3184427,3.4280515,-0.070441075,-0.018795054,-0.009344245,0.54558927,-0.16598311,0.77712864,2016-12-08 23:31:46,NaN
9.126697,0.32561144,3.4284968,0.45189777,0.019796276,0.168878,16.0,9.180764,0.31843206,3.4325752,-0.06875183,-0.005164082,-0.01386808,0.551297,-0.14511691,0.7867994,2016-12-08 23:31:47,NaN
9.088389,0.32561144,3.4476504,-0.013820711,0.011691978,-0.0024640965,16.0,9.182194,0.31898606,3.428698,-0.08380122,-0.019338427,0.017249683,0.545517,-0.16612124,0.77706003,2016-12-08 23:31:48,NaN
9.097966,0.30645782,3.41892,-0.039609548,-0.0018421614,-0.016233185,16.0,9.17111,0.31049886,3.459005,-0.0863384,0.002769127,-0.026677476,0.54405737,-0.16625686,0.77792436,2016-12-08 23:31:49,NaN
9.097966,0.33518824,3.371036,-0.06691603,-0.009854748,-0.029344445,16.0,9.185917,0.32324722,3.4183118,-0.0875247,0.0308818,-0.06770645,0.5458089,-0.1667551,0.7763915,2016-12-08 23:31:50,NaN
9.107543,0.32561144,3.41892,0.32782757,0.021275885,0.12862289,16.0,9.179905,0.32098612,3.434631,-0.06789307,-0.0077181314,-0.029544283,0.54577833,-0.16434297,0.7780017,2016-12-08 23:31:51,NaN
9.11712,0.33518824,3.3997664,-0.3169272,-0.014884604,-0.1183302,16.0,9.185079,0.32005072,3.4208639,-0.07306555,-0.0067827404,-0.029397348,0.54771197,-0.15998787,0.77979,2016-12-08 23:31:52,NaN
9.078813,0.31603462,3.41892,0.023473801,0.0031300539,0.010332276,16.0,9.17461,0.31705433,3.4491162,-0.08983826,-0.0037863252,-0.016788924,0.5437636,-0.16871615,0.7762958,2016-12-08 23:31:53,NaN
9.107543,0.32561144,3.4284968,-0.2963212,-0.012920288,-0.11064576,16.0,9.187027,0.3265949,3.4150062,-0.07501416,-0.013326892,0.0037010368,0.54867333,-0.15760909,0.7805821,2016-12-08 23:31:54,NaN
9.11712,0.32561144,3.4284968,-0.13251764,-0.01542994,-0.05178316,16.0,9.183103,0.32498348,3.4256961,-0.08471068,-0.011715481,-0.0069889077,0.54688984,-0.16201733,0.77880085,2016-12-08 23:31:55,NaN
9.107543,0.32561144,3.3806129,0.03498832,0.0058833365,0.013104082,16.0,9.178089,0.31256357,3.4402585,-0.066076644,7.044138E-4,-0.062412184,0.5510996,-0.14451613,0.7873958,2016-12-08 23:31:56,NaN
9.107543,0.34476504,3.3901896,0.07666532,0.0032767663,0.030892454,16.0,9.173392,0.31407082,3.4526255,-0.08862121,0.026437873,-0.061159175,0.5449231,-0.16438954,0.7785874,2016-12-08 23:31:57,NaN
9.097966,0.30645782,3.4284968,0.07310999,0.011823187,0.027599655,16.0,9.1789055,0.3175649,3.4376218,-0.08051334,-0.017917259,-0.01891461,0.54505724,-0.16626093,0.7772347,2016-12-08 23:31:58,NaN
9.097966,0.32561144,3.4284968,-0.039151747,-0.008995571,-0.017816093,16.0,9.171225,0.31334832,3.4584446,-0.086453125,-8.0326296E-5,-0.039737307,0.5436382,-0.16770749,0.7771138,2016-12-08 23:31:59,NaN
9.107543,0.32561144,3.3901896,-0.2149719,-0.014850299,-0.08836989,16.0,9.182581,0.32595676,3.4270027,-0.09780979,-0.012688776,-0.03553602,0.54672647,-0.16236277,0.7786381,2016-12-08 23:32:00,NaN
9.107543,0.32561144,3.4380736,-0.13541125,-0.004192662,-0.044805177,16.0,9.181362,0.32472658,3.4303815,-0.06935038,-0.025078924,0.015566261,0.5459378,-0.16447222,0.77773464,2016-12-08 23:32:01,NaN
9.097966,0.33518824,3.3997664,-0.29482403,-0.01373468,-0.113958955,16.0,9.181865,0.3352512,3.428027,-0.08347285,-0.008362872,-0.050180763,0.5508371,-0.14764044,0.78515613,2016-12-08 23:32:02,NaN
9.107543,0.32561144,3.4284968,0.03266159,0.014096926,0.018861217,16.0,9.179921,0.31894952,3.4347808,-0.06790887,-0.005681527,-0.016073573,0.54500514,-0.16686626,0.77683353,2016-12-08 23:32:03,NaN
9.097966,0.31603462,3.4380736,-0.05284471,0.0012639505,-0.01747252,16.0,9.165252,0.30382252,3.4750912,-0.06685891,0.009445485,-0.04276352,0.54547656,-0.1589812,0.78197604,2016-12-08 23:32:04,NaN
9.107543,0.32561144,3.4284968,-0.017504476,0.020441623,0.0038511173,16.0,9.179205,0.32157195,3.4364474,-0.06719227,-0.0219243,0.023120673,0.5447025,-0.16759795,0.7764339,2016-12-08 23:32:05,NaN
9.088389,0.31603462,3.4093432,0.09699862,-0.0020521563,0.04372695,16.0,9.184052,0.33084285,3.422588,-0.0720397,-0.017574886,-0.031121712,0.54560083,-0.16678248,0.776253,2016-12-08 23:32:06,NaN
9.107543,0.31603462,3.3997664,0.19530125,0.005933862,0.073530376,16.0,9.186677,0.32179245,3.4164014,-0.1019057,-0.00852446,-0.038555168,0.5459769,-0.16649728,0.7765167,2016-12-08 23:32:07,NaN
9.097966,0.31603462,3.41892,-0.100828275,0.0019343428,-0.03467842,16.0,9.182932,0.31939143,3.4266832,-0.08453943,-0.0061234254,-0.035216793,0.546865,-0.16194619,0.77901644,2016-12-08 23:32:08,NaN
9.097966,0.33518824,3.3901896,0.0072624325,-0.015285491,-0.004853348,16.0,9.183565,0.31676766,3.4252293,-0.09879324,0.010120698,-0.061003305,0.5452511,-0.1675207,0.77636045,2016-12-08 23:32:09,NaN
9.088389,0.34476504,3.3997664,0.27902058,0.016297797,0.107062735,16.0,9.171983,0.31128174,3.456621,-0.059970595,0.0156066045,-0.06515429,0.54538524,-0.16222331,0.779802,2016-12-08 23:32:10,NaN
9.097966,0.31603462,3.4093432,0.18804651,0.0026135552,0.070183806,16.0,9.182306,0.3175589,3.4285285,-0.08391427,-0.0042909104,-0.02344156,0.5479688,-0.15787312,0.78102654,2016-12-08 23:32:11,NaN
9.097966,0.30645782,3.41892,0.0022784437,-0.015271783,6.0489742E-6,16.0,9.175737,0.31507012,3.446293,-0.09096636,-0.001802146,-0.027585901,0.54526764,-0.16422886,0.77849245,2016-12-08 23:32:12,NaN
9.107543,0.33518824,3.371036,0.010046776,-0.021439327,-0.0059551783,16.0,9.174631,0.31138343,3.4495764,-0.08985904,0.015504898,-0.058109894,0.5441729,-0.16732141,0.7771632,2016-12-08 23:32:13,NaN
9.097966,0.31603462,3.3806129,-0.04380689,-0.002027734,-0.017832108,16.0,9.177996,0.3145611,3.4403238,-0.065983534,-0.0012931183,-0.0488573,0.5433618,-0.17131956,0.77487093,2016-12-08 23:32:14,NaN
9.097966,0.31603462,3.4284968,0.18154316,0.0044431947,0.0688575,16.0,9.18028,0.32018518,3.433707,-0.068267174,-0.00691718,-0.014999716,0.5466659,-0.16151176,0.7793623,2016-12-08 23:32:15,NaN
9.107543,0.31603462,3.4380736,-0.18142179,-0.0049227574,-0.06739781,16.0,9.170437,0.31151113,3.4606998,-0.05842434,0.001756865,-0.0011316345,0.54680055,-0.15672463,0.78247976,2016-12-08 23:32:16,NaN
9.107543,0.32561144,3.4380736,0.029190898,0.01209932,0.016282437,16.0,9.175052,0.31724983,3.4479249,-0.063039,-0.003981867,-0.029217575,0.54412276,-0.16773577,0.7767499,2016-12-08 23:32:17,NaN
9.11712,0.35434186,3.3806129,-0.0698362,-0.016263794,-0.029437628,16.0,9.187602,0.3383986,3.4123104,-0.08920978,0.01573042,-0.061705146,0.5460561,-0.16686293,0.77576107,2016-12-08 23:32:18,NaN
9.097966,0.32561144,3.4380736,0.11290883,0.016775988,0.048705254,16.0,9.185308,0.32657257,3.4196272,-0.07329666,0.013936119,-9.198556E-4,0.54946804,-0.15405324,0.7823243,2016-12-08 23:32:19,NaN
9.097966,0.32561144,3.41892,-0.24357918,-0.018256593,-0.09221504,16.0,9.181362,0.31622297,3.4311774,-0.09659024,-0.002954953,-0.05333126,0.5466897,-0.16183008,0.77926487,2016-12-08 23:32:20,NaN
9.088389,0.31603462,3.4093432,0.050193645,-0.0033595634,0.016087744,16.0,9.178214,0.3179891,3.439428,-0.09344204,-0.004721118,-0.03434121,0.5441601,-0.16890164,0.77595985,2016-12-08 23:32:21,NaN
9.069236,0.2873042,3.4572272,0.19968635,0.017412711,0.07977021,16.0,9.166716,0.3067888,3.4709635,-0.10918474,-0.0071411687,-0.011395319,0.54378355,-0.16531663,0.778762,2016-12-08 23:32:22,NaN
9.097966,0.31603462,3.4380736,0.010346246,-0.0041842684,0.0043009617,16.0,9.165908,0.31071037,3.47275,-0.081136,0.002557634,-0.013181618,0.5461292,-0.15710491,0.78260714,2016-12-08 23:32:23,NaN
9.088389,0.35434186,3.4093432,0.035659682,-0.007842475,0.0014241616,16.0,9.172507,0.31929886,3.4544985,-0.08773502,0.007589458,-0.049411796,0.543372,-0.1691641,0.77612585,2016-12-08 23:32:24,NaN
9.097966,0.32561144,3.3997664,-0.0697461,-0.013184362,-0.025688253,16.0,9.17812,0.31979302,3.4395132,-0.0661074,-0.006525005,-0.07528746,0.5445415,-0.16765505,0.77652675,2016-12-08 23:32:25,NaN
9.088389,0.33518824,3.3901896,-0.005345799,-0.009351919,-0.005197617,16.0,9.173285,0.3137575,3.4529426,-0.07489196,0.013130831,-0.04785577,0.5445466,-0.16558364,0.7780225,2016-12-08 23:32:26,NaN
9.097966,0.30645782,3.4380736,-0.04236928,-0.007813406,-0.018364348,16.0,9.174251,0.30981618,3.4507291,-0.07585879,0.0034517967,-0.018401477,0.54472095,-0.16535078,0.77820003,2016-12-08 23:32:27,NaN
9.088389,0.34476504,3.3997664,0.08391998,0.0013115989,0.034020163,16.0,9.180883,0.31791756,3.4323053,-0.06887071,-0.004649573,-0.02721846,0.5457099,-0.16492999,0.77775264,2016-12-08 23:32:28,NaN
9.088389,0.33518824,3.3997664,-0.027355583,0.0025717213,-0.01016691,16.0,9.182524,0.3306107,3.4267118,-0.097751595,-0.017342713,-0.035245266,0.54526484,-0.16725013,0.7761223,2016-12-08 23:32:29,NaN
9.097966,0.32561144,3.41892,-0.12762044,-0.0035256508,-0.050829522,16.0,9.180843,0.3162993,3.4325602,-0.0688308,-0.01665165,0.013387786,0.54787505,-0.15754712,0.7813072,2016-12-08 23:32:30,NaN
9.078813,0.30645782,3.4380736,-0.020738233,-0.008826277,-0.010578814,16.0,9.180106,0.31364188,3.4347713,-0.095334955,-0.013994234,0.024796823,0.54587835,-0.16398872,0.7783869,2016-12-08 23:32:31,NaN
9.088389,0.31603462,3.4380736,0.15172823,-0.007144668,0.051742125,16.0,9.18119,0.31669962,3.4315963,-0.06917746,-0.003431637,-0.012888993,0.5479927,-0.15729406,0.78139085,2016-12-08 23:32:32,NaN
9.097966,0.32561144,3.3997664,0.011857312,0.0017029259,0.010897921,16.0,9.180032,0.3198621,3.4343975,-0.08163978,-0.0065941084,-0.042931028,0.5436927,-0.17115103,0.7746667,2016-12-08 23:32:33,NaN
9.088389,0.31603462,3.4284968,-0.067718744,-0.001705573,-0.024674078,16.0,9.172852,0.31213793,3.4542358,-0.08808002,0.0011300757,-0.062769234,0.5433511,-0.16927049,0.7762786,2016-12-08 23:32:34,NaN
9.097966,0.30645782,3.4476504,-0.020878047,-9.947387E-4,-0.007987296,16.0,9.167804,0.30613315,3.4681494,-0.069411896,0.00713483,-0.02220144,0.54401034,-0.16500415,0.77886975,2016-12-08 23:32:35,NaN
9.088389,0.32561144,3.4093432,-0.037012152,-0.0022680522,-0.012281588,16.0,9.173538,0.312722,3.45236,-0.088766694,-0.0130743515,-0.047273017,0.5445343,-0.16571341,0.77797586,2016-12-08 23:32:36,NaN
9.088389,0.33518824,3.4093432,0.051723037,-0.0010466198,0.0117037445,16.0,9.175607,0.31582463,3.4465764,-0.06359432,0.011063701,-0.04148952,0.5443351,-0.16725059,0.77700084,2016-12-08 23:32:37,NaN
9.088389,0.34476504,3.3997664,0.20352931,0.0044421833,0.07513721,16.0,9.17242,0.31238428,3.4553614,-0.07402738,8.8369317E-4,-0.063894846,0.5464897,-0.15866497,0.78142697,2016-12-08 23:32:38,NaN
9.088389,0.33518824,3.3997664,-0.048299965,0.0012471342,-0.013885241,16.0,9.184544,0.33008328,3.4213448,-0.0997717,-0.0031949447,-0.043498404,0.5460889,-0.16536924,0.7769386,2016-12-08 23:32:39,NaN
9.078813,0.34476504,3.3901896,0.2638919,0.016225634,0.10010509,16.0,9.181759,0.3179101,3.4299622,-0.09698678,-0.004642117,-0.038495522,0.5465081,-0.16263308,0.778806,2016-12-08 23:32:41,NaN
9.107543,0.30645782,3.4476504,0.15367733,0.006032355,0.05796819,16.0,9.167322,0.30562162,3.469465,-0.055309385,-0.0059739696,-0.023517212,0.5524218,-0.13392787,0.7926701,2016-12-08 23:32:42,NaN
9.078813,0.30645782,3.4380736,-0.05500387,0.017392268,-0.01136499,16.0,9.172512,0.32436192,3.4540122,-0.08774084,-0.011093914,0.019176476,0.54546094,-0.16237867,0.7792948,2016-12-08 23:32:43,NaN
9.088389,0.31603462,3.4476504,-0.27608928,0.0029134883,-0.10526856,16.0,9.179067,0.32199818,3.4367797,-0.06705427,-0.008730211,0.009168005,0.5525247,-0.13960509,0.789138,2016-12-08 23:32:44,NaN
9.069236,0.29688102,3.4572272,-0.19670455,-0.0071608773,-0.07453758,16.0,9.1600065,0.30018634,3.4892058,-0.061614115,-0.014159042,-0.029637806,0.5447933,-0.15906082,0.78236735,2016-12-08 23:32:45,NaN
9.097966,0.32561144,3.41892,-0.41765222,-0.01945727,-0.1572576,16.0,9.176372,0.3121538,3.444873,-0.09159982,0.0011142027,-0.039786145,0.5504817,-0.14604898,0.786861,2016-12-08 23:32:46,NaN
9.088389,0.29688102,3.4572272,0.43107787,0.018611027,0.16521434,16.0,9.177029,0.31264907,3.4430773,-0.0922574,6.189178E-4,-0.0107495915,0.5474121,-0.15745457,0.78169733,2016-12-08 23:32:47,NaN
9.088389,0.31603462,3.3997664,0.017414553,0.0019159118,0.008633216,16.0,9.167698,0.30782983,3.4682777,-0.08292667,-0.008182189,-0.049570363,0.54437274,-0.16378483,0.7794156,2016-12-08 23:32:48,NaN
9.097966,0.30645782,3.3901896,-0.049922287,-0.014415575,-0.023290727,16.0,9.173233,0.31300214,3.453149,-0.088460766,2.6584056E-4,-0.06168249,0.5444635,-0.16582501,0.7779311,2016-12-08 23:32:49,NaN
9.088389,0.34476504,3.4093432,0.06592956,-0.008516678,0.018685577,16.0,9.179945,0.31472296,3.4351037,-0.09517368,-0.0014549659,-0.030016888,0.5447655,-0.16759789,0.77660435,2016-12-08 23:32:50,NaN
9.088389,0.30645782,3.4093432,0.36445063,0.022094283,0.14145781,16.0,9.178567,0.31323597,3.4389224,-0.06655465,3.20318E-5,-0.020215418,0.5483295,-0.15491486,0.78275234,2016-12-08 23:32:51,NaN
9.107543,0.30645782,3.4572272,0.053751495,0.014490366,0.023422698,16.0,9.167932,0.3030392,3.4680803,-0.055918742,-0.0170119,-0.008512094,0.5453078,-0.16067483,0.7810366,2016-12-08 23:32:52,NaN
9.088389,0.32561144,3.3806129,0.21621463,0.0015534883,0.07739075,16.0,9.180864,0.31351173,3.43276,-0.06885159,-0.01386408,-0.054913674,0.55387497,-0.13490906,0.791158,2016-12-08 23:32:53,NaN
9.097966,0.31603462,3.4572272,-0.16527072,-6.852397E-6,-0.06241308,16.0,9.166613,0.31060633,3.4708982,-0.08184096,-0.024579016,-0.011329854,0.5460054,-0.15783383,0.782227,2016-12-08 23:32:54,NaN
9.088389,0.31603462,3.4093432,-0.1586659,-0.003026646,-0.057925403,16.0,9.180365,0.32415643,3.4331057,-0.10921384,-0.010888422,-0.028019018,0.54664147,-0.16168933,0.7791514,2016-12-08 23:32:55,NaN
9.107543,0.32561144,3.3997664,0.17409755,0.006899079,0.06380504,16.0,9.183009,0.32294095,3.4261417,-0.070996396,-0.009672955,-0.03467519,0.5507174,-0.14841074,0.7850964,2016-12-08 23:32:56,NaN
9.097966,0.31603462,3.3997664,-0.0027610443,-0.010912121,-0.0063399747,16.0,9.182213,0.32051235,3.4285023,-0.070200816,-0.0072443564,-0.03703593,0.54491013,-0.16813084,0.77602357,2016-12-08 23:32:57,NaN
9.088389,0.31603462,3.41892,0.039391454,-0.0021076251,0.012668371,16.0,9.179316,0.31429976,3.4368255,-0.067303665,-0.001031772,-0.004498065,0.5458671,-0.1637065,0.7785509,2016-12-08 23:32:58,NaN
9.11712,0.31603462,3.4093432,-0.34927636,-0.021171527,-0.13381857,16.0,9.178262,0.3107476,3.4399638,-0.06624872,0.0025204064,-0.034876786,0.5474373,-0.15787031,0.7814841,2016-12-08 23:32:59,NaN
9.107543,0.29688102,3.4380736,-0.07323159,0.01247515,-0.015080423,16.0,9.179443,0.32139876,3.435828,-0.081051216,-0.021751126,-0.01712062,0.5439575,-0.17009352,0.77518386,2016-12-08 23:33:00,NaN
9.097966,0.34476504,3.371036,-0.12223795,-0.019174937,-0.048058294,16.0,9.174958,0.31376362,3.4484904,-0.076566234,0.026745073,-0.070644334,0.5441856,-0.16744556,0.777008,2016-12-08 23:33:01,NaN
9.088389,0.31603462,3.4284968,-0.03915304,-0.006457191,-0.017574243,16.0,9.185205,0.3278025,3.4197838,-0.07319357,-0.0145345135,-0.04193781,0.5453589,-0.16799751,0.77567995,2016-12-08 23:33:02,NaN
9.097966,0.31603462,3.4093432,0.053711917,-0.003701218,0.02259925,16.0,9.180372,0.31744447,3.4337125,-0.08198062,0.009443847,-0.04224602,0.54618543,-0.16312833,0.7786678,2016-12-08 23:33:03,NaN
9.088389,0.32561144,3.4093432,0.2978139,0.014917553,0.11314736,16.0,9.184308,0.3194595,3.4229865,-0.07229575,-0.00619149,-0.0042794277,0.5476125,-0.15999046,0.7798547,2016-12-08 23:33:04,NaN
9.107543,0.30645782,3.4093432,0.013146203,2.60314E-4,0.006456496,16.0,9.178929,0.31982145,3.4373477,-0.0941578,-0.006553452,0.008600214,0.54718864,-0.1591496,0.7805732,2016-12-08 23:33:05,NaN
9.078813,0.32561144,3.3806129,-0.18746738,-0.006164491,-0.07183147,16.0,9.18192,0.31591278,3.4297154,-0.09714806,-0.0026447927,-0.051869176,0.5457626,-0.16515574,0.777642,2016-12-08 23:33:06,NaN
9.097966,0.31603462,3.41892,0.10325886,0.008192675,0.041136622,16.0,9.1799135,0.32039064,3.434668,-0.08152091,-0.03436334,-0.01596093,0.5455036,-0.1652465,0.7775811,2016-12-08 23:33:07,NaN
9.097966,0.32561144,3.4380736,0.11659568,0.0035677317,0.045090772,16.0,9.174036,0.3134285,3.450972,-0.0756443,-0.02740119,-0.005024083,0.5469104,-0.15791915,0.7816443,2016-12-08 23:33:08,NaN
9.078813,0.33518824,3.3901896,-0.45194343,-0.030707614,-0.17936827,16.0,9.182269,0.3232317,3.4280996,-0.09749721,0.003656639,-0.036632948,0.54880744,-0.15500318,0.7821832,2016-12-08 23:33:09,NaN
9.088389,0.34476504,3.3901896,-0.05057869,-0.0031480326,-0.01845533,16.0,9.18325,0.32525894,3.4252744,-0.098479,0.028870082,-0.047428265,0.5463523,-0.16388655,0.7778862,2016-12-08 23:33:10,NaN
9.088389,0.31603462,3.4380736,0.16936661,0.007881161,0.06296633,16.0,9.17009,0.3093804,3.4618123,-0.085317545,0.0038875642,-0.029484635,0.5439544,-0.1661638,0.77806586,2016-12-08 23:33:11,NaN
9.107543,0.32561144,3.4093432,0.2626539,-0.014462801,0.08313705,16.0,9.179116,0.32460546,3.4364014,-0.06710332,0.0022828567,-0.044934716,0.5507849,-0.14638406,0.7861861,2016-12-08 23:33:12,NaN
9.11712,0.32561144,3.41892,-0.059375774,-0.0062789177,-0.023149677,16.0,9.180282,0.3238228,3.4333622,-0.08188918,-0.010554804,-0.04189562,0.5471575,-0.15989324,0.7800186,2016-12-08 23:33:13,NaN
9.078813,0.34476504,3.3806129,-0.0667435,-0.014969202,-0.03000417,16.0,9.17055,0.31404433,3.4601698,-0.07215858,0.040084694,-0.05508285,0.5446542,-0.1641105,0.7788948,2016-12-08 23:33:14,NaN
9.088389,0.33518824,3.3997664,0.16582383,0.006010736,0.061606493,16.0,9.181975,0.31775,3.4293945,-0.097203754,0.022758685,-0.051548492,0.55274874,-0.14006552,0.788869,2016-12-08 23:33:15,NaN
9.078813,0.31603462,3.3997664,0.18401654,0.005589366,0.07183947,16.0,9.166921,0.30719632,3.470386,-0.08214939,0.0060716756,-0.05167901,0.5472341,-0.15360472,0.7842578,2016-12-08 23:33:16,NaN
9.088389,0.30645782,3.4284968,-0.07565292,-4.8817132E-4,-0.02844471,16.0,9.180025,0.31519076,3.4348488,-0.06801279,-0.0155431125,-0.002520978,0.5438699,-0.1705196,0.775133,2016-12-08 23:33:17,NaN
9.078813,0.30645782,3.4284968,0.042806767,0.0036736466,0.015110581,16.0,9.179216,0.31641394,3.436893,-0.08082509,-0.0031459488,0.009054737,0.5447035,-0.16752718,0.7766299,2016-12-08 23:33:18,NaN
9.097966,0.32561144,3.3614593,0.36370006,0.018560586,0.13699938,16.0,9.177822,0.32065937,3.4402246,-0.07943013,-0.007391371,-0.048757963,0.549536,-0.15035804,0.78463644,2016-12-08 23:33:19,NaN
9.097966,0.32561144,3.3997664,-0.35097325,-0.02018152,-0.13363017,16.0,9.174665,0.31527054,3.4491327,-0.07627361,-0.002002546,-0.057666175,0.54834354,-0.15317498,0.7837299,2016-12-08 23:33:20,NaN
9.088389,0.33518824,3.3997664,-0.0,-0.0,-0.0,16.0,9.181015,0.31538185,3.4321868,-0.069002055,0.011506482,-0.04072034,0.54513466,-0.16683939,0.7768922,2016-12-08 23:33:21,NaN
9.107543,0.30645782,3.4380736,-0.017270645,0.0014750886,-0.0075615444,16.0,9.166528,0.3142289,3.4707956,-0.054515474,-9.60902E-4,-0.038468294,0.54446834,-0.16307342,0.77963305,2016-12-08 23:33:22,NaN
9.107543,0.34476504,3.3518825,-0.016282652,-0.008156113,-0.011015838,16.0,9.182428,0.3254282,3.4274645,-0.0704153,0.015080509,-0.063238725,0.54624355,-0.16390836,0.7779208,2016-12-08 23:33:23,NaN
9.097966,0.32561144,3.41892,-0.08847188,-0.0070835133,-0.03224083,16.0,9.173107,0.3153386,3.4532702,-0.07471489,-0.0020706104,-0.061803445,0.5443035,-0.16633105,0.777618,2016-12-08 23:33:24,NaN
9.088389,0.33518824,3.3997664,0.40403455,0.018567441,0.15095767,16.0,9.184605,0.33012378,3.421178,-0.099832386,0.010384902,-0.029711585,0.5467351,-0.1632458,0.77796197,2016-12-08 23:33:25,NaN
9.107543,0.35434186,3.3901896,-0.31566277,-0.017333386,-0.1253026,16.0,9.188928,0.33211857,3.4093533,-0.07691539,-0.00523025,-0.01788689,0.55116695,-0.14962053,0.78391576,2016-12-08 23:33:26,NaN
9.088389,0.32561144,3.3518825,0.015583469,0.003889897,0.0130834915,16.0,9.182337,0.32739055,3.4275215,-0.070323855,-0.014122568,-0.049675323,0.5453519,-0.16684233,0.77643543,2016-12-08 23:33:27,NaN
9.11712,0.32561144,3.4380736,0.19299588,0.0066748885,0.073230006,11.0,9.173942,0.3150195,3.4510813,-0.061929185,-0.0017515135,-0.032374095,0.54616135,-0.16047294,0.7804022,2016-12-08 23:33:28,NaN
9.097966,0.33518824,3.3806129,-0.33376098,-0.035970226,-0.13336645,16.0,9.181619,0.32032025,3.4301126,-0.06960642,0.006568104,-0.07950724,0.55131614,-0.14547653,0.78653586,2016-12-08 23:33:29,NaN
9.107543,0.31603462,3.4572272,-0.08012162,-0.0024440463,-0.028679641,11.0,9.173319,0.31423268,3.4528072,-0.06130653,-9.6469495E-4,-0.02047957,0.54407394,-0.1671507,0.7772366,2016-12-08 23:33:30,NaN
9.088389,0.34476504,3.3997664,0.046018567,0.0049968925,0.01961032,11.0,9.179811,0.31205407,3.4357104,-0.108658515,0.0012139351,-0.05786403,0.54534096,-0.16562252,0.77766275,2016-12-08 23:33:31,NaN
9.088389,0.29688102,3.4572272,0.279112,0.01644184,0.10691366,11.0,9.180069,0.31762847,3.434509,-0.081676364,-0.0043604816,-0.0021813838,0.5505852,-0.14746083,0.78585386,2016-12-08 23:33:32,NaN
9.107543,0.31603462,3.4284968,-0.020864585,0.015135193,0.0017797126,11.0,9.18155,0.3236412,3.4299808,-0.083158605,-0.0103732115,0.015967164,0.546339,-0.16319746,0.7783721,2016-12-08 23:33:33,NaN
9.097966,0.32561144,3.3997664,0.03131049,0.008654041,0.012676618,11.0,9.178637,0.31818566,3.4382837,-0.06662365,-0.0049176738,-0.0059559923,0.5465711,-0.16111013,0.7797154,2016-12-08 23:33:34,NaN
9.097966,0.32561144,3.4284968,0.017401773,-8.964131E-4,0.0054918933,11.0,9.176526,0.31077653,3.4445875,-0.06451376,0.0024914402,-0.025880238,0.55158293,-0.14188464,0.78866243,2016-12-08 23:33:35,NaN
9.088389,0.34476504,3.3901896,-0.043577034,0.0041583176,-0.015917404,11.0,9.184083,0.31922504,3.423609,-0.09931115,0.021283638,-0.032142572,0.54585534,-0.16579041,0.77709925,2016-12-08 23:33:36,NaN
9.107543,0.31603462,3.4380736,-0.10687708,-0.012983489,-0.044170648,11.0,9.170703,0.31176525,3.459972,-0.05869036,0.0015027149,-0.04126444,0.5449078,-0.1632973,0.7793489,2016-12-08 23:33:37,NaN
9.088389,0.31603462,3.3997664,0.23578106,-0.00635638,0.07944335,11.0,9.175693,0.31345284,3.4465654,-0.09092064,0.027055858,-0.027858365,0.54599077,-0.1617656,0.7797282,2016-12-08 23:33:38,NaN
9.097966,0.32561144,3.3997664,0.068080895,0.01915119,0.03595144,11.0,9.182936,0.32604003,3.4260445,-0.07092324,-0.026392385,-0.0073370226,0.54843825,-0.15663934,0.78130543,2016-12-08 23:33:39,NaN
9.088389,0.29688102,3.4380736,-0.3631845,-0.010093995,-0.13932005,11.0,9.168583,0.30904225,3.465829,-0.08381119,-0.02301494,-0.01988081,0.5477398,-0.15255457,0.7845755,2016-12-08 23:33:40,NaN
9.107543,0.31603462,3.4380736,-0.057494737,-0.002638413,-0.018948663,11.0,9.169811,0.31124604,3.4623806,-0.057799187,-0.025218744,-0.030053051,0.5438117,-0.16654332,0.7778379,2016-12-08 23:33:41,NaN
9.097966,0.29688102,3.4380736,-0.07690762,0.0059879404,-0.022061253,11.0,9.18282,0.32068056,3.426859,-0.08442803,-0.034653265,0.019088978,0.54607356,-0.1645675,0.7777248,2016-12-08 23:33:42,NaN
9.11712,0.32561144,3.4380736,-0.1356102,-0.008923213,-0.053340916,11.0,9.179461,0.31779137,3.4361162,-0.06744832,-0.0045233686,-0.003788741,0.54954094,-0.15103486,0.784313,2016-12-08 23:33:43,NaN
9.088389,0.31603462,3.4572272,-0.0313127,0.01171924,-0.005156023,11.0,9.183403,0.31994474,3.4253666,-0.098631136,-0.020297093,0.020581197,0.54489267,-0.168662,0.77570695,2016-12-08 23:33:44,NaN
9.088389,0.33518824,3.3614593,0.20403089,0.006875528,0.07919609,11.0,9.181168,0.32800546,3.4305925,-0.096395716,-0.0011171122,-0.03912608,0.54540926,-0.16618425,0.7768098,2016-12-08 23:33:45,NaN
9.107543,0.33518824,3.3806129,-0.0670696,-0.02686261,-0.03877516,11.0,9.181482,0.3249199,3.4300456,-0.06946926,0.029209131,-0.052199416,0.54595697,-0.1644608,0.7777269,2016-12-08 23:33:46,NaN
9.097966,0.33518824,3.4284968,0.05294767,0.007723305,0.024855915,11.0,9.180555,0.32764363,3.4322655,-0.09578303,-0.014375627,6.1933344E-5,0.54507387,-0.16702595,0.7764444,2016-12-08 23:33:47,NaN
9.078813,0.29688102,3.4380736,0.1328395,0.01892003,0.056703895,11.0,9.1749935,0.31057665,3.448685,-0.0902215,0.0026913467,0.010883226,0.54520726,-0.16405778,0.77875876,2016-12-08 23:33:48,NaN
9.097966,0.34476504,3.3997664,-0.4066442,-0.013795925,-0.15879339,11.0,9.17394,0.31598124,3.4509943,-0.08916822,0.02452745,-0.0867684,0.54970455,-0.14789583,0.78610677,2016-12-08 23:33:49,NaN
9.088389,0.31603462,3.4572272,0.0019613237,0.0068184566,0.0067103864,11.0,9.17358,0.31984726,3.4515958,-0.06156756,-0.006579275,-0.019268127,0.54553795,-0.16249919,0.77931046,2016-12-08 23:33:50,NaN
9.097966,0.32561144,3.4284968,-0.013684787,0.0020224117,-0.0048180115,11.0,9.177536,0.31543297,3.44147,-0.06552382,-0.0021649653,-0.022762788,0.54403377,-0.16900045,0.7760315,2016-12-08 23:33:51,NaN
9.097966,0.31603462,3.4284968,-0.1180089,-0.00475718,-0.044740222,11.0,9.179867,0.31313694,3.43546,-0.08147435,1.3103682E-4,-0.01675297,0.5524054,-0.14031608,0.78903145,2016-12-08 23:33:52,NaN
9.078813,0.33518824,3.3997664,-0.007011017,0.0040319543,-0.0054732454,11.0,9.181497,0.3185414,3.4306047,-0.09672491,0.008346947,-0.02551799,0.54539716,-0.16622232,0.7770667,2016-12-08 23:33:53,NaN
9.078813,0.32561144,3.3806129,0.009847554,-0.016004855,-0.0111223925,11.0,9.176161,0.31903842,3.4448047,-0.09138951,0.021470243,-0.053338114,0.54374135,-0.16943792,0.77578133,2016-12-08 23:33:54,NaN
9.088389,0.33518824,3.3901896,-0.2640427,-0.0027859444,-0.096265115,11.0,9.175798,0.30776677,3.446795,-0.06378635,0.019121582,-0.055328507,0.5465107,-0.15996367,0.78074753,2016-12-08 23:33:55,NaN
9.088389,0.32561144,3.371036,0.116746925,0.009677943,0.045123976,11.0,9.17977,0.32234466,3.4348643,-0.081377916,-0.009076664,-0.07063851,0.5450923,-0.16656864,0.7768825,2016-12-08 23:33:56,NaN
9.097966,0.32561144,3.4380736,-0.16338743,0.0051722955,-0.058435112,11.0,9.177839,0.3141193,3.440787,-0.07944676,-8.512977E-4,-0.008459512,0.5474673,-0.1576334,0.7815202,2016-12-08 23:33:57,NaN
9.078813,0.32561144,3.41892,-0.4330558,-0.010558313,-0.15897459,11.0,9.182506,0.31743398,3.428004,-0.097734146,-0.017786352,-0.036537554,0.54807854,-0.15757647,0.7811555,2016-12-08 23:33:58,NaN
9.097966,0.32561144,3.3614593,-0.11233127,-0.014783991,-0.044374507,11.0,9.178712,0.31619126,3.438262,-0.06670013,0.010697063,-0.08765646,0.545009,-0.16632067,0.7772598,2016-12-08 23:33:59,NaN
9.107543,0.31603462,3.4380736,0.101777785,0.01149823,0.043119434,11.0,9.170806,0.3133213,3.459557,-0.08603414,-5.328242E-5,-0.02722968,0.5455368,-0.16124912,0.78027683,2016-12-08 23:34:00,NaN
9.088389,0.31603462,3.4476504,-0.37953255,-0.010375576,-0.13954405,11.0,9.182769,0.32335418,3.4267464,-0.08437649,-0.010086172,0.019201621,0.54880214,-0.15524432,0.78203756,2016-12-08 23:34:01,NaN
9.097966,0.32561144,3.3901896,-0.025104554,-0.0055456464,-0.016396351,11.0,9.184698,0.3217133,3.4217296,-0.08630598,-0.008445302,-0.030262958,0.54485655,-0.1693274,0.7752433,2016-12-08 23:34:02,NaN
9.107543,0.32561144,3.4380736,-0.123234615,0.017546136,-0.04088704,16.0,9.178519,0.31766337,3.4386444,-0.06650643,-0.004395397,-0.0063167852,0.54688996,-0.15996654,0.7802795,2016-12-08 23:34:03,NaN
9.107543,0.31603462,3.4380736,0.113398656,0.001609642,0.038922574,11.0,9.175973,0.31751654,3.445446,-0.06396093,-0.004248539,-0.0131184375,0.54388255,-0.16888748,0.77611506,2016-12-08 23:34:04,NaN
9.107543,0.36391866,3.3997664,-0.2841403,-0.0020725087,-0.10355834,11.0,9.186337,0.33103433,3.416434,-0.074325,0.009474346,-0.02496745,0.55121464,-0.14823216,0.78472674,2016-12-08 23:34:05,NaN
9.107543,0.32561144,3.4284968,0.037997916,0.00871202,0.014031223,11.0,9.184351,0.31997007,3.4228194,-0.09957968,-0.020322423,-0.0041121244,0.5466493,-0.16327704,0.7782749,2016-12-08 23:34:06,NaN
9.078813,0.34476504,3.3806129,-0.11292445,-0.0024804098,-0.041973583,11.0,9.181148,0.32163903,3.4312513,-0.08275542,-0.008371055,-0.0125442045,0.5453866,-0.16615763,0.77702296,2016-12-08 23:34:07,NaN
9.088389,0.31603462,3.3997664,0.06805217,0.0026105954,0.027392907,11.0,9.1702585,0.31050315,3.4612641,-0.07186595,-0.010855507,-0.04255673,0.54703486,-0.15581241,0.7829421,2016-12-08 23:34:08,NaN
9.097966,0.31603462,3.4476504,-0.06417426,8.317924E-4,-0.017764436,11.0,9.183626,0.3275239,3.424052,-0.071614064,-0.02787624,0.008275791,0.5453607,-0.16734295,0.7761071,2016-12-08 23:34:09,NaN
9.107543,0.33518824,3.3901896,-0.3766032,-0.006465845,-0.13692495,11.0,9.178465,0.31702858,3.4388483,-0.0936931,-0.003760606,-0.047381707,0.5485339,-0.15420143,0.78297234,2016-12-08 23:34:10,NaN
9.088389,0.30645782,3.3901896,0.023282204,-0.006666351,0.0057781907,11.0,9.177746,0.31650504,3.4408166,-0.09297401,-0.0032370563,-0.049350064,0.54519117,-0.16532956,0.7777924,2016-12-08 23:34:11,NaN
9.097966,0.33518824,3.3997664,0.19731367,0.0059821475,0.076523826,11.0,9.17717,0.31707284,3.442296,-0.07877838,0.009815499,-0.0508294,0.5487882,-0.15271944,0.78372437,2016-12-08 23:34:12,NaN
9.126697,0.31603462,3.4380736,0.03624577,0.01065496,0.016293857,11.0,9.174585,0.31426647,3.4494362,-0.06257346,-9.984673E-4,-0.017108567,0.5443781,-0.16667394,0.77739453,2016-12-08 23:34:13,NaN
9.107543,0.31603462,3.4284968,0.030258141,0.010651947,0.0145175485,11.0,9.189642,0.32986996,3.4076483,-0.0776295,-0.016601982,0.011058843,0.5453571,-0.16983497,0.7744352,2016-12-08 23:34:14,NaN
9.097966,0.32561144,3.3614593,0.07178941,0.0035350935,0.0255191,16.0,9.18514,0.32886603,3.41986,-0.100367755,-0.015598033,-0.055634018,0.54652804,-0.16414255,0.77753544,2016-12-08 23:34:15,NaN
9.097966,0.32561144,3.3901896,0.013020457,0.009141313,0.011330218,11.0,9.180931,0.31956422,3.4320219,-0.082539275,-0.006296236,-0.040555324,0.54552495,-0.1655842,0.7773805,2016-12-08 23:34:16,NaN
9.078813,0.31603462,3.371036,0.013628564,0.01027409,0.013621398,11.0,9.181405,0.32438466,3.4303036,-0.09663264,-0.011116671,-0.052457333,0.5457695,-0.16504197,0.7774661,2016-12-08 23:34:17,NaN
9.088389,0.31603462,3.4380736,0.031368136,0.0022845608,0.009149053,11.0,9.169407,0.30582696,3.4639354,-0.08463503,0.007441016,-0.045227967,0.54409885,-0.16536315,0.77860826,2016-12-08 23:34:18,NaN
9.097966,0.30645782,3.3901896,0.397682,0.027650423,0.15439017,16.0,9.178573,0.3155741,3.438691,-0.08018082,-0.0023061337,-0.019983687,0.5490106,-0.15252207,0.7837678,2016-12-08 23:34:19,NaN
9.097966,0.31603462,3.4380736,-0.03460504,0.0057857144,-0.011313887,11.0,9.173933,0.3164964,3.4509656,-0.06192087,-0.0032284055,-0.018637987,0.5480749,-0.15382981,0.7834429,2016-12-08 23:34:20,NaN
9.107543,0.31603462,3.3806129,-0.15423658,-0.016040238,-0.06486181,11.0,9.179362,0.31719232,3.4364357,-0.09459092,-0.003924324,-0.04496922,0.5458266,-0.1639016,0.7783651,2016-12-08 23:34:21,NaN
9.088389,0.32561144,3.4284968,0.28212005,0.024981705,0.11153836,11.0,9.17867,0.31763867,3.4382443,-0.0666569,-0.004370665,0.007703635,0.5464439,-0.1615465,0.7795224,2016-12-08 23:34:22,NaN
9.097966,0.32561144,3.3901896,-0.24032442,-0.015988655,-0.095805295,11.0,9.182356,0.32823727,3.42739,-0.097583674,-0.014969268,-0.008683138,0.5453837,-0.16675834,0.7764491,2016-12-08 23:34:23,NaN
9.088389,0.32561144,3.3423057,-0.04899445,-3.7374008E-5,-0.017819097,16.0,9.184504,0.31837934,3.4225643,-0.0997318,0.02212935,-0.031097813,0.5446094,-0.1699952,0.77502775,2016-12-08 23:34:24,NaN
9.107543,0.34476504,3.3614593,-0.24633713,-0.010109943,-0.098228306,11.0,9.180247,0.31607276,3.4341753,-0.06823475,0.038056273,-0.04270865,0.5482117,-0.15610775,0.78201604,2016-12-08 23:34:25,NaN
9.088389,0.32561144,3.3901896,0.014139637,0.011768015,0.011765273,11.0,9.173688,0.31580332,3.4516826,-0.08891633,-0.0025353183,-0.060216047,0.5443772,-0.16633295,0.77756774,2016-12-08 23:34:26,NaN
9.107543,0.33518824,3.3997664,0.07359344,-0.0015834942,0.024283266,11.0,9.176878,0.31429115,3.4433296,-0.06486541,0.0125972,-0.065483496,0.5460961,-0.16192019,0.7795563,2016-12-08 23:34:27,NaN
9.088389,0.32561144,3.371036,-0.08799253,-0.023227973,-0.042461365,16.0,9.1773405,0.3187675,3.441684,-0.092568316,0.008120853,-0.091078386,0.5450434,-0.16568244,0.7775744,2016-12-08 23:34:28,NaN
9.107543,0.33518824,3.371036,-0.039276257,-0.0025193975,-0.017626576,16.0,9.183667,0.31761572,3.424873,-0.0716548,0.036513314,-0.0606475,0.54503435,-0.16827843,0.7759542,2016-12-08 23:34:29,NaN
9.107543,0.31603462,3.4284968,-0.30490506,-0.0071899234,-0.11314016,16.0,9.185893,0.31696463,3.4189596,-0.073881075,-0.0036966205,-0.013872861,0.54888636,-0.15622206,0.78158057,2016-12-08 23:34:30,NaN
9.107543,0.32561144,3.3997664,-0.025686696,-0.015749848,-0.021239664,16.0,9.17189,0.31554168,3.4564812,-0.059877485,-0.0022736862,-0.06501463,0.54447365,-0.16527872,0.7781996,2016-12-08 23:34:31,NaN
9.097966,0.30645782,3.3901896,-0.0954493,0.0103317285,-0.026476024,11.0,9.180724,0.31934303,3.4325962,-0.08233227,-0.019695375,-0.027509212,0.5493799,-0.15221031,0.78366107,2016-12-08 23:34:32,NaN
9.11712,0.33518824,3.41892,-0.07467291,0.018764181,-0.022030842,16.0,9.179029,0.3226288,3.4368205,-0.06701687,0.004259528,-0.004493077,0.54642063,-0.1618499,0.7792035,2016-12-08 23:34:33,NaN
9.107543,0.32561144,3.4284968,-0.2523503,-0.007949281,-0.094753474,16.0,9.186256,0.32205415,3.417511,-0.060623184,-0.008786143,-0.012424078,0.5460082,-0.1662242,0.7766677,2016-12-08 23:34:34,NaN
9.107543,0.31603462,3.4380736,0.02421098,0.01807663,0.012647076,11.0,9.187561,0.33071706,3.4131713,-0.08916905,-0.03106939,0.0055359676,0.5454431,-0.16872631,0.7750852,2016-12-08 23:34:35,NaN
9.078813,0.33518824,3.371036,-0.4291623,-0.024173666,-0.15994142,16.0,9.176052,0.3140525,3.4455519,-0.077660255,0.026456188,-0.06770562,0.5496289,-0.14911006,0.7854925,2016-12-08 23:34:36,NaN
9.097966,0.32561144,3.4476504,-0.081135206,0.0076540117,-0.022607408,16.0,9.17944,0.3236655,3.4356248,-0.06742671,-0.010397527,0.010322916,0.54653424,-0.16165422,0.7792399,2016-12-08 23:34:37,NaN
9.107543,0.35434186,3.3997664,0.06132988,0.007951419,0.021609511,11.0,9.184104,0.31937265,3.4235404,-0.07209124,-0.006104643,-0.032073576,0.5479345,-0.15879494,0.78043026,2016-12-08 23:34:38,NaN
9.107543,0.32561144,3.41892,-0.14444815,0.0023077962,-0.051592447,11.0,9.176043,0.31576368,3.4454203,-0.06403077,0.011124646,-0.026713222,0.545834,-0.16247393,0.7792977,2016-12-08 23:34:39,NaN
9.078813,0.31603462,3.4284968,0.03373578,0.01391153,0.015554121,11.0,9.186365,0.33081248,3.4163816,-0.087972775,-0.017544515,0.015946174,0.54547286,-0.1681439,0.77544284,2016-12-08 23:34:40,NaN
9.078813,0.34476504,3.3806129,0.05659189,0.006307972,0.022903994,11.0,9.182576,0.3223134,3.4273617,-0.084183626,0.018195283,-0.03589515,0.54482245,-0.16858743,0.775719,2016-12-08 23:34:41,NaN
9.078813,0.30645782,3.4476504,0.30317935,0.017575027,0.11167865,11.0,9.179544,0.32493708,3.4352267,-0.08115263,-0.025289433,0.010721118,0.54583967,-0.16404657,0.778045,2016-12-08 23:34:42,NaN
9.088389,0.31603462,3.4284968,-0.37122193,-0.009765799,-0.13852654,11.0,9.181471,0.31914645,3.4306183,-0.09669914,-0.005878472,-0.03915164,0.54668826,-0.16192332,0.7791248,2016-12-08 23:34:43,NaN
9.097966,0.32561144,3.4380736,0.019088035,0.010163011,0.0102256965,11.0,9.17592,0.318092,3.4455342,-0.0639069,0.008796354,-0.026826907,0.54459375,-0.16656627,0.7772481,2016-12-08 23:34:44,NaN
9.11712,0.32561144,3.41892,0.4652469,0.011164655,0.17606235,16.0,9.172654,0.31312603,3.4546711,-0.047021125,1.4197387E-4,-0.035963945,0.54692537,-0.15726878,0.78204167,2016-12-08 23:34:45,NaN
9.097966,0.33518824,3.3806129,0.06702325,0.0066870963,0.027496953,16.0,9.176149,0.31756473,3.444972,-0.064137176,-0.00429673,-0.05350542,0.545264,-0.16444607,0.7782854,2016-12-08 23:34:46,NaN
9.126697,0.31603462,3.4284968,6.3457905E-4,0.0044297455,0.007176368,11.0,9.177567,0.32689738,3.4403198,-0.065554574,-0.013629387,-0.02161245,0.5438987,-0.16960748,0.77536386,2016-12-08 23:34:47,NaN
9.11712,0.31603462,3.4284968,0.070994884,0.012130663,0.026486611,11.0,9.183468,0.31854913,3.4253266,-0.085075624,-0.0052811424,-0.006619386,0.54722995,-0.16092336,0.77949446,2016-12-08 23:34:48,NaN
9.11712,0.31603462,3.41892,-0.10438122,0.004305127,-0.035291616,11.0,9.183358,0.32219982,3.4252746,-0.0849659,-0.008931832,-0.033808123,0.5503628,-0.14986749,0.7844536,2016-12-08 23:34:49,NaN
9.088389,0.31603462,3.41892,0.3422573,-5.913791E-4,0.12171685,16.0,9.18074,0.32266733,3.4322424,-0.095969245,-0.009399346,-0.013535136,0.5474391,-0.15910615,0.7803953,2016-12-08 23:34:50,NaN
9.078813,0.33518824,3.4093432,0.17791963,-0.006507561,0.062443655,16.0,9.175842,0.31767187,3.4457793,-0.06382958,-0.004403866,-0.05431284,0.5528856,-0.13649786,0.7907454,2016-12-08 23:34:51,NaN
9.088389,0.32561144,3.4284968,-0.16645397,0.012990884,-0.049516913,11.0,9.178851,0.32765839,3.4368184,-0.08045931,-0.028010758,-0.01811114,0.5467132,-0.16085963,0.7795325,2016-12-08 23:34:52,NaN
9.088389,0.33518824,3.3901896,0.020291355,-0.0014387824,0.007939024,16.0,9.179057,0.31533042,3.4374237,-0.09428583,0.025178269,-0.045957036,0.5449352,-0.16669066,0.7770847,2016-12-08 23:34:53,NaN
9.11712,0.34476504,3.3901896,0.05911871,-0.0011333588,0.01913342,16.0,9.17135,0.3096288,3.45845,-0.07295748,0.0036391553,-0.06698361,0.5434205,-0.1684112,0.77687436,2016-12-08 23:34:54,NaN
9.097966,0.31603462,3.4380736,-0.0,0.0,0.0,11.0,9.172432,0.31420273,3.4551632,-0.060419507,-9.3474146E-4,-0.036456086,0.5448735,-0.16416025,0.7787524,2016-12-08 23:34:55,NaN
9.078813,0.32561144,3.3806129,-0.078923464,-0.0105670355,-0.02677046,16.0,9.183656,0.31679773,3.4249797,-0.09888469,-0.0035297328,-0.07437426,0.54547,-0.1668449,0.7766856,2016-12-08 23:34:56,NaN
9.097966,0.32561144,3.4093432,-0.028703388,-6.067009E-4,-0.01027525,16.0,9.180034,0.31181493,3.4351327,-0.08164228,-0.012167304,-0.04366633,0.54501396,-0.16678365,0.7770898,2016-12-08 23:34:57,NaN
9.097966,0.30645782,3.4284968,0.09726527,-0.009672669,0.030208884,11.0,9.180354,0.32609335,3.4329486,-0.08196234,-0.012825346,-0.027861483,0.54787105,-0.15749799,0.78106755,2016-12-08 23:34:58,NaN
9.069236,0.32561144,3.3997664,0.06230081,-0.0034843236,0.017396847,11.0,9.180239,0.32046396,3.4337895,-0.095467135,-0.007195958,-0.055943266,0.5466544,-0.16153796,0.7793438,2016-12-08 23:34:59,NaN
9.107543,0.32561144,3.4284968,-0.06526391,-0.008370376,-0.02412473,11.0,9.172176,0.31292808,3.4559605,-0.06016346,3.39906E-4,-0.06449381,0.5448657,-0.16406204,0.7788547,2016-12-08 23:35:00,NaN
9.11712,0.33518824,3.3901896,0.2625722,9.474803E-4,0.09697623,16.0,9.187708,0.330634,3.4127848,-0.08931619,-0.0037456423,-0.048559066,0.54798275,-0.16034746,0.77913564,2016-12-08 23:35:01,NaN
9.097966,0.32561144,3.41892,-0.2501354,-0.0018779632,-0.08826209,16.0,9.187968,0.32347003,3.4127705,-0.07595522,-0.010202037,0.01955701,0.5505544,-0.15128425,0.78348994,2016-12-08 23:35:02,NaN
9.088389,0.30645782,3.3901896,-0.07466491,-0.0032017718,-0.030783169,11.0,9.184719,0.3280733,3.4210646,-0.09994794,-0.014805291,-0.015977763,0.5465517,-0.16387655,0.77771413,2016-12-08 23:35:03,NaN
9.11712,0.30645782,3.41892,0.16073091,0.01707068,0.067875735,16.0,9.18345,0.32879016,3.424403,-0.08505734,-0.02914252,-0.0056955814,0.549604,-0.15277259,0.78295785,2016-12-08 23:35:04,NaN
9.097966,0.34476504,3.371036,-0.067802124,-0.015002987,-0.026629297,16.0,9.184354,0.326499,3.4221978,-0.099582165,3.8934354E-4,-0.07159224,0.5463659,-0.1643192,0.7775714,2016-12-08 23:35:05,NaN
9.078813,0.31603462,3.4476504,0.28191385,0.01870609,0.10710789,11.0,9.17729,0.31701633,3.441984,-0.09251761,-0.003748344,0.003963734,0.54747313,-0.15741917,0.7815673,2016-12-08 23:35:06,NaN
9.097966,0.32561144,3.3901896,-0.28136045,-0.012425783,-0.10802463,11.0,9.182591,0.3252126,3.4270456,-0.09781976,-0.011944588,-0.03557925,0.5477101,-0.15900615,0.78025013,2016-12-08 23:35:07,NaN
9.107543,0.30645782,3.4093432,-0.026252355,0.0024494035,-0.008231299,16.0,9.182298,0.31385568,3.428892,-0.07028562,-5.876913E-4,-0.037425403,0.5458537,-0.1649816,0.777767,2016-12-08 23:35:08,NaN
9.088389,0.33518824,3.3901896,-0.0,0.0,0.0,11.0,9.188305,0.3190407,3.4122806,-0.103533424,0.007847661,-0.04805487,0.5459415,-0.16724278,0.77613884,2016-12-08 23:35:09,NaN
9.126697,0.32561144,3.4093432,-0.12943499,0.011856797,-0.040094454,11.0,9.186252,0.32376236,3.4173617,-0.07423937,-0.01049435,-0.012275064,0.54788125,-0.15996644,0.7796147,2016-12-08 23:35:10,NaN
9.107543,0.30645782,3.3806129,-0.09743861,-0.003495179,-0.036952462,11.0,9.186113,0.31979364,3.418102,-0.08772172,-0.0065256543,-0.026635494,0.5484926,-0.1577375,0.7807835,2016-12-08 23:35:11,NaN
9.107543,0.31603462,3.3806129,-0.0061039296,-0.005800834,-0.0069499426,11.0,9.184841,0.32696694,3.4208453,-0.10006932,-0.01369896,-0.029378852,0.545745,-0.16657653,0.77642775,2016-12-08 23:35:12,NaN
9.078813,0.32561144,3.3997664,0.14736646,0.01852859,0.06034805,16.0,9.185027,0.31603268,3.421374,-0.08663435,-0.0027646846,-0.0026668748,0.545648,-0.16681382,0.7766417,2016-12-08 23:35:13,NaN
9.107543,0.32561144,3.3614593,0.0029865243,-0.011330356,-0.0023989363,11.0,9.185561,0.31889573,3.4196734,-0.10078924,-0.005627725,-0.05544759,0.5460075,-0.16589466,0.77696884,2016-12-08 23:35:14,NaN
9.097966,0.31603462,3.41892,-0.08435145,0.0051231496,-0.028667388,11.0,9.179252,0.31543913,3.4368944,-0.08085918,-0.002171148,-0.0045668567,0.5444999,-0.16818783,0.7763323,2016-12-08 23:35:15,NaN
9.107543,0.34476504,3.3806129,-0.026141604,-0.02262311,-0.021765651,16.0,9.177909,0.31308034,3.4406917,-0.06589708,0.041048687,-0.09008621,0.5444339,-0.16782495,0.7766658,2016-12-08 23:35:16,NaN
9.097966,0.30645782,3.4380736,-0.21665469,-0.008064698,-0.08017284,11.0,9.187649,0.3226288,3.4137123,-0.102876686,-0.022981167,0.0049949866,0.5473458,-0.16236281,0.77842736,2016-12-08 23:35:17,NaN
9.107543,0.33518824,3.3901896,0.06403828,-0.009157402,0.022629755,11.0,9.179922,0.31655446,3.4349992,-0.095150396,0.01033388,-0.043532904,0.54808766,-0.15640873,0.78188366,2016-12-08 23:35:18,NaN
9.088389,0.31603462,3.4284968,-0.06807191,-0.008099809,-0.027139932,16.0,9.182958,0.32624766,3.4259684,-0.09818555,-0.01297966,-0.007261373,0.54523426,-0.16746289,0.7761285,2016-12-08 23:35:19,NaN
9.097966,0.32561144,3.4284968,0.010222991,0.0017275774,0.0077070706,11.0,9.174401,0.31451252,3.4499028,-0.062388908,-0.014864886,-0.031195492,0.5435781,-0.16919449,0.77615005,2016-12-08 23:35:20,NaN
9.097966,0.34476504,3.3806129,-0.14403711,-0.010353629,-0.05659536,16.0,9.186931,0.3244567,3.4154685,-0.088538915,0.01605201,-0.064862706,0.5446459,-0.17093979,0.774217,2016-12-08 23:35:21,NaN
9.097966,0.31603462,3.4284968,-0.16035609,-0.009132874,-0.05393327,11.0,9.181004,0.33274814,3.4305758,-0.06899042,-0.019480167,-0.011868549,0.5456189,-0.16549745,0.77700764,2016-12-08 23:35:22,NaN
9.088389,0.30645782,3.4380736,-0.079133116,0.014387114,-0.024739379,11.0,9.182669,0.32088614,3.4272454,-0.097897075,-0.007618139,0.0050822753,0.5463769,-0.16349748,0.778244,2016-12-08 23:35:23,NaN
9.097966,0.30645782,3.4380736,-0.07265776,-0.004983253,-0.029107522,16.0,9.1841955,0.32001185,3.4232352,-0.08580387,-0.020364223,0.009092563,0.54478335,-0.16933621,0.77532274,2016-12-08 23:35:24,NaN
9.088389,0.30645782,3.4093432,-0.23443107,-0.01562661,-0.08731824,11.0,9.17961,0.30939305,3.4364858,-0.08121831,-0.009745383,-0.017778609,0.54707503,-0.15967761,0.78059703,2016-12-08 23:35:25,NaN
9.107543,0.31603462,3.4476504,0.02072849,0.0053581316,0.012708613,11.0,9.184261,0.31985155,3.4230719,-0.09948989,-0.0065835607,-0.0043646377,0.54484195,-0.16917223,0.7754053,2016-12-08 23:35:26,NaN
9.107543,0.32561144,3.4284968,-0.050298315,-0.0044422243,-0.019567883,16.0,9.169646,0.30960402,3.4629648,-0.057633754,0.003663991,-0.044257816,0.54255974,-0.17049013,0.77593637,2016-12-08 23:35:27,NaN
9.088389,0.34476504,3.3901896,-0.008115359,-0.016750885,-0.015025096,11.0,9.177057,0.3159268,3.4427054,-0.092284836,-0.0026587953,-0.051238827,0.54465467,-0.16679977,0.7771327,2016-12-08 23:35:28,NaN
9.097966,0.30645782,3.4380736,0.089836046,0.020473644,0.040829327,11.0,9.180592,0.32254025,3.432654,-0.08219926,-0.022892606,-3.2608528E-4,0.549278,-0.15256782,0.7834156,2016-12-08 23:35:29,NaN
9.11712,0.35434186,3.3518825,-0.22950909,-0.01673291,-0.08694415,11.0,9.186654,0.32771787,3.4159002,-0.10188243,0.012790821,-0.051674645,0.5484646,-0.15819025,0.78030163,2016-12-08 23:35:30,NaN
9.097966,0.34476504,3.3423057,0.07611637,-0.011822393,0.023987344,16.0,9.179579,0.3158921,3.4359763,-0.08118671,0.02461658,-0.08537054,0.5484318,-0.15503731,0.7825542,2016-12-08 23:35:31,NaN
9.107543,0.31603462,3.4284968,0.2929106,0.024783636,0.1192067,16.0,9.176302,0.3192048,3.4444146,-0.0642893,-0.019557167,0.0015333699,0.54457784,-0.16678962,0.7770806,2016-12-08 23:35:32,NaN
9.11712,0.31603462,3.4284968,-0.24714622,-0.010363132,-0.0929958,11.0,9.173057,0.31339258,3.4535794,-0.047423486,-1.245941E-4,-0.034872003,0.54526234,-0.16311182,0.7792459,2016-12-08 23:35:33,NaN
9.107543,0.32561144,3.4093432,0.028900364,0.0065177316,0.00871569,11.0,9.186386,0.32880822,3.4165194,-0.074373215,-0.015540229,-0.011432729,0.54477406,-0.17037362,0.7743948,2016-12-08 23:35:34,NaN
9.126697,0.32561144,3.4284968,-0.23261923,-0.011105253,-0.09034584,16.0,9.176418,0.3101507,3.4449296,-0.06440652,0.016737616,-0.026222536,0.5470723,-0.15833287,0.78140146,2016-12-08 23:35:35,NaN
9.097966,0.35434186,3.371036,-0.038317457,-0.017726451,-0.02250264,11.0,9.172452,0.31365842,3.4551635,-0.07405981,0.013229913,-0.09093768,0.54303503,-0.17014308,0.7758176,2016-12-08 23:35:36,NaN
9.097966,0.31603462,3.41892,-0.026868034,-0.007020627,-0.015171634,11.0,9.179407,0.3244476,3.4356384,-0.08101463,-0.011179618,-0.01693108,0.54431945,-0.16896023,0.7756555,2016-12-08 23:35:37,NaN
9.097966,0.31603462,3.4380736,0.06357701,0.002171599,0.02405383,16.0,9.172713,0.3151241,3.454336,-0.07432084,-0.0018561039,-0.035628714,0.54402643,-0.16707246,0.7772835,2016-12-08 23:35:38,NaN
9.107543,0.32561144,3.3901896,0.023077551,-0.0012861592,0.009255332,11.0,9.1837845,0.3327061,3.423128,-0.07177202,-0.00581776,-0.03166124,0.54439265,-0.17060407,0.77430964,2016-12-08 23:35:39,NaN
9.107543,0.32561144,3.4380736,-0.05540075,0.0039552995,-0.018014073,16.0,9.182436,0.32568738,3.427417,-0.09766431,-0.012419402,0.0049106074,0.54589266,-0.16508074,0.77734405,2016-12-08 23:35:40,NaN
9.088389,0.32561144,3.41892,-0.17815645,-0.011844491,-0.06851648,16.0,9.180457,0.32319695,3.4329512,-0.095685765,-0.02354932,-0.014244045,0.5453191,-0.16611831,0.7770353,2016-12-08 23:35:41,NaN
9.097966,0.30645782,3.4476504,-0.30340776,-0.007588123,-0.11645846,16.0,9.172469,0.31185293,3.4552782,-0.07407726,0.0014150626,-0.036571015,0.54815876,-0.15281315,0.7841318,2016-12-08 23:35:42,NaN
9.107543,0.31603462,3.371036,-0.011341202,-0.019561402,-0.010421965,11.0,9.17714,0.31881353,3.4422135,-0.0651281,-0.019165901,-0.037126753,0.5438818,-0.1693772,0.7757606,2016-12-08 23:35:43,NaN
9.107543,0.31603462,3.4093432,0.2200538,0.012964089,0.08286729,16.0,9.181087,0.32081366,3.431488,-0.069074385,-0.0075456845,-0.04002141,0.5459739,-0.16418073,0.7780135,2016-12-08 23:35:44,NaN
9.097966,0.33518824,3.3806129,-0.028191151,-0.0074088154,-0.008955539,16.0,9.176588,0.31394228,3.4441333,-0.07819646,0.012946043,-0.066286966,0.54423296,-0.16795367,0.7766541,2016-12-08 23:35:45,NaN
9.107543,0.32561144,3.3997664,-0.046407863,-0.0068618283,-0.018068416,11.0,9.173458,0.31263882,3.4525814,-0.06144536,6.291534E-4,-0.04749456,0.5439859,-0.16747135,0.77712005,2016-12-08 23:35:46,NaN
9.11712,0.29688102,3.4380736,0.024485426,0.0044932337,0.009773997,16.0,9.167113,0.3051235,3.470063,-0.06872107,-0.005475853,-0.010494584,0.54808664,-0.15058896,0.7856633,2016-12-08 23:35:47,NaN
9.097966,0.30645782,3.4093432,-0.232402,-0.013304482,-0.08698215,16.0,9.176165,0.31452188,3.4452083,-0.06415214,0.012366457,-0.053741727,0.5454143,-0.16390985,0.77863777,2016-12-08 23:35:48,NaN
9.097966,0.31603462,3.41892,0.0779342,0.02094813,0.033419717,11.0,9.175856,0.31368926,3.446108,-0.06384372,-4.2127143E-4,-0.027400725,0.54504496,-0.16499498,0.77815646,2016-12-08 23:35:49,NaN
9.097966,0.31603462,3.4380736,0.08257819,0.012455654,0.03292874,11.0,9.170221,0.30971506,3.461433,-0.058208194,0.0035529318,-0.029105345,0.5438232,-0.16665052,0.7778086,2016-12-08 23:35:50,NaN
9.097966,0.32561144,3.4572272,-0.18298535,0.0016958722,-0.07000073,11.0,9.172824,0.31428662,3.4541159,-0.07443141,-0.014638975,0.00545242,0.5458111,-0.16118115,0.78015673,2016-12-08 23:35:51,NaN
9.078813,0.29688102,3.4093432,-0.13007751,-0.007390027,-0.043134592,16.0,9.182198,0.33104923,3.4275446,-0.097425714,-0.04502195,-0.022457695,0.54922134,-0.15362246,0.7825864,2016-12-08 23:35:52,NaN
9.088389,0.30645782,3.41892,-0.224797,-0.002025834,-0.0844892,11.0,9.179186,0.31064668,3.4375074,-0.0807935,0.002621308,-0.018800301,0.5480818,-0.15601976,0.78228384,2016-12-08 23:35:53,NaN
9.107543,0.30645782,3.4476504,0.1125282,0.017507575,0.04810109,11.0,9.177919,0.3178189,3.440231,-0.06590705,-0.018171279,0.005716988,0.5449316,-0.16627279,0.7772804,2016-12-08 23:35:54,NaN
9.088389,0.34476504,3.3806129,0.29207352,0.004966663,0.10554773,16.0,9.179585,0.31901217,3.4356713,-0.081193365,0.035116855,-0.085065864,0.54619503,-0.16278987,0.77883035,2016-12-08 23:35:55,NaN
9.097966,0.30645782,3.4380736,0.046693224,0.0076004122,0.02020963,11.0,9.174117,0.31289765,3.4508064,-0.089345284,3.7035308E-4,-0.045719486,0.542648,-0.17202021,0.77479744,2016-12-08 23:35:56,NaN
9.11712,0.31603462,3.3997664,-0.030509505,0.009430262,-0.0054113655,11.0,9.176697,0.31864968,3.443415,-0.07830453,-0.00538168,-0.011087523,0.546856,-0.15932085,0.7806664,2016-12-08 23:35:57,NaN
9.11712,0.30645782,3.4476504,-0.24946728,-0.0073116203,-0.09311383,16.0,9.166801,0.31091872,3.4703722,-0.06840932,0.0023492584,-0.051664878,0.54578733,-0.15867072,0.781814,2016-12-08 23:35:58,NaN
9.097966,0.32561144,3.4093432,-0.13337074,0.0070216814,-0.048306253,11.0,9.180236,0.31486335,3.434316,-0.06822311,-0.0015953551,-0.015608864,0.5466904,-0.16133241,0.77961224,2016-12-08 23:35:59,NaN
9.097966,0.31603462,3.4380736,-0.008638931,-0.0036316547,-0.0027472558,11.0,9.173035,0.3194117,3.4530864,-0.047401868,-0.0061437148,-0.020758685,0.5436639,-0.16843739,0.7764535,2016-12-08 23:36:00,NaN
9.097966,0.30645782,3.41892,-0.003364518,-0.0015501647,-0.003181016,16.0,9.186581,0.32675153,3.4161892,-0.07456858,-0.027103864,0.0025178606,0.5458598,-0.16691272,0.77616423,2016-12-08 23:36:01,NaN
9.088389,0.30645782,3.4284968,0.08743908,-4.9261696E-4,0.031002194,11.0,9.179043,0.31745517,3.437265,-0.09427169,-0.004187203,-0.03217811,0.5464417,-0.16170894,0.7794278,2016-12-08 23:36:02,NaN
9.078813,0.30645782,3.4572272,-0.32706398,-0.0067628827,-0.116770394,16.0,9.179502,0.31634912,3.436144,-0.09472975,-0.01670148,0.023424312,0.5474166,-0.15855767,0.7809194,2016-12-08 23:36:03,NaN
9.097966,0.33518824,3.3901896,-0.13971873,-0.012597144,-0.05600959,11.0,9.17335,0.31564048,3.452596,-0.07495764,-0.0023724835,-0.03388897,0.54435766,-0.16625726,0.7776302,2016-12-08 23:36:04,NaN
9.097966,0.32561144,3.4093432,-0.13171862,-8.248309E-4,-0.04766227,11.0,9.176752,0.3181143,3.4433146,-0.07836023,-0.0048463363,-0.024607489,0.54416853,-0.168287,0.77634823,2016-12-08 23:36:05,NaN
9.097966,0.32561144,3.3997664,-0.028430965,-0.0011077891,-0.008520706,16.0,9.18525,0.32093364,3.420318,-0.08685798,-0.007665654,-0.042471725,0.5449021,-0.16939324,0.7752019,2016-12-08 23:36:06,NaN
9.11712,0.30645782,3.4284968,0.13328971,-0.002100422,0.04649263,11.0,9.1759815,0.31564665,3.445596,-0.077589594,-0.015999014,-0.01326849,0.5486805,-0.15255582,0.7839152,2016-12-08 23:36:07,NaN
9.11712,0.32561144,3.4284968,0.24817842,0.0042838748,0.092131935,11.0,9.170186,0.31177774,3.4613407,-0.05817328,-0.012130103,-0.042633623,0.5440702,-0.16585657,0.778136,2016-12-08 23:36:08,NaN
9.107543,0.30645782,3.4284968,0.02668896,0.0044838246,0.016399805,16.0,9.180893,0.32412407,3.4316995,-0.09612055,-0.024476426,-0.02661284,0.54480046,-0.16800146,0.77605313,2016-12-08 23:36:09,NaN
9.088389,0.32561144,3.3997664,0.30598706,0.012570691,0.11947773,16.0,9.175729,0.31763333,3.4460886,-0.07733604,-0.0043653394,-0.0546223,0.5457204,-0.16275029,0.7791272,2016-12-08 23:36:10,NaN
9.088389,0.30645782,3.41892,-0.03813422,-0.017759591,-0.021714432,16.0,9.179208,0.3229972,3.4363089,-0.0671956,0.003891149,-0.017601538,0.544303,-0.16891211,0.7757373,2016-12-08 23:36:11,NaN
9.107543,0.31603462,3.4380736,-0.1427315,-0.001127075,-0.05062365,11.0,9.174805,0.31813917,3.4484985,-0.07641245,-0.004871172,-0.029791186,0.543784,-0.16874363,0.77623636,2016-12-08 23:36:12,NaN
9.097966,0.33518824,3.371036,0.1307955,0.008478024,0.04820391,16.0,9.184875,0.31947044,3.4214628,-0.086483054,0.007417895,-0.08447749,0.54448456,-0.17055948,0.77468884,2016-12-08 23:36:13,NaN
9.088389,0.34476504,3.3997664,-0.18305145,-0.01356404,-0.07290227,16.0,9.182154,0.33188525,3.4275787,-0.09738249,-0.018617256,-0.036112126,0.546331,-0.16359891,0.7778874,2016-12-08 23:36:14,NaN
9.097966,0.31603462,3.4093432,-0.05859926,0.0012871132,-0.016846716,11.0,9.1790085,0.32038862,3.4370859,-0.08061643,-0.00712062,-0.04561952,0.54474914,-0.16734946,0.7766056,2016-12-08 23:36:15,NaN
9.078813,0.32561144,3.41892,-0.41215456,-0.0037016878,-0.14904927,11.0,9.1751585,0.31060702,3.4482448,-0.090386935,-0.01095937,0.011323409,0.5481845,-0.15389031,0.7835109,2016-12-08 23:36:16,NaN
9.107543,0.31603462,3.4380736,-0.0389916,0.0069835247,-0.012145023,16.0,9.182463,0.3217869,3.427714,-0.07045022,-0.0085189,0.031854104,0.5444187,-0.16983388,0.77512205,2016-12-08 23:36:17,NaN
9.097966,0.32561144,3.4476504,-0.16277757,0.0014810511,-0.05748336,16.0,9.17959,0.31649804,3.4358916,-0.08119752,-0.0032300418,-0.017184632,0.5453857,-0.16544673,0.7776239,2016-12-08 23:36:18,NaN
9.107543,0.31603462,3.4380736,-1.7472902E-4,0.009690474,0.0011964997,16.0,9.173162,0.31281745,3.4533513,-0.074770585,4.5054947E-4,-0.034643807,0.5440551,-0.16712919,0.77730083,2016-12-08 23:36:19,NaN
9.088389,0.32561144,3.4093432,-0.07618815,-0.0019087163,-0.024601182,11.0,9.173911,0.3229364,3.450429,-0.07551877,0.0039519398,-0.045342065,0.5434997,-0.16936691,0.7758262,2016-12-08 23:36:20,NaN
9.088389,0.35434186,3.3614593,-0.024766598,-0.0072781206,-0.009827739,16.0,9.179583,0.3288171,3.4347527,-0.094811216,0.025311928,-0.0977676,0.5443946,-0.16885167,0.7755608,2016-12-08 23:36:21,NaN
9.088389,0.32561144,3.41892,-0.009501726,0.006786692,-0.0025902083,16.0,9.174682,0.31453854,3.4491575,-0.089909755,-0.0012705427,-0.016829867,0.54493463,-0.16488832,0.77825296,2016-12-08 23:36:22,NaN
9.097966,0.30645782,3.4380736,-0.05501027,-0.004584883,-0.02139187,11.0,9.165381,0.3105976,3.4741492,-0.06698943,-0.0109499395,-0.05544198,0.54295784,-0.16752434,0.77763647,2016-12-08 23:36:23,NaN
9.069236,0.34476504,3.3997664,0.060986552,0.0016781848,0.02883811,11.0,9.179189,0.32769465,3.435917,-0.09441634,-0.014426677,-0.03082992,0.54458714,-0.16805348,0.77601683,2016-12-08 23:36:24,NaN
9.088389,0.32561144,3.41892,0.030716086,0.007649646,0.017587174,16.0,9.177447,0.32012996,3.4412746,-0.079055205,-0.0068619754,-0.04980833,0.54432523,-0.16808876,0.77634156,2016-12-08 23:36:25,NaN
9.088389,0.32561144,3.3901896,0.012725393,0.004858112,0.0022799058,16.0,9.183755,0.32749954,3.4237082,-0.07174292,-6.112021E-4,-0.032241706,0.5442459,-0.17098513,0.77428615,2016-12-08 23:36:26,NaN
9.088389,0.32561144,3.3901896,-0.104934365,0.0015141498,-0.04556108,11.0,9.1812725,0.3206351,3.4310095,-0.096500464,0.01987359,-0.039543193,0.54441154,-0.1693615,0.7754652,2016-12-08 23:36:27,NaN
9.107543,0.31603462,3.4284968,-0.08862324,-0.0033318484,-0.033157617,11.0,9.169711,0.31176373,3.4626021,-0.08493929,0.0015042735,-0.016654251,0.54368615,-0.16691883,0.77764297,2016-12-08 23:36:28,NaN
9.097966,0.33518824,3.41892,-0.23623632,-0.013667123,-0.093614034,11.0,9.188655,0.3416552,3.4091465,-0.09026307,-0.028387215,0.009560596,0.5479207,-0.16113597,0.77836627,2016-12-08 23:36:29,NaN
9.107543,0.31603462,3.3806129,-0.13003786,-0.008912006,-0.05154358,11.0,9.1816635,0.32310528,3.42973,-0.06965132,-0.00983727,-0.051883724,0.54548454,-0.16606961,0.77698904,2016-12-08 23:36:30,NaN
9.088389,0.32561144,3.4284968,0.3147844,0.005329437,0.12090824,16.0,9.172081,0.311798,3.4563148,-0.08730939,-0.012150366,-0.037607674,0.54390633,-0.16716148,0.7773812,2016-12-08 23:36:31,NaN
9.097966,0.32561144,3.4093432,0.38637996,0.00991757,0.14625958,16.0,9.175013,0.3187458,3.447889,-0.06299993,-0.0054778014,-0.042802174,0.54681426,-0.15874748,0.78103685,2016-12-08 23:36:32,NaN
9.078813,0.33518824,3.41892,-0.053241502,-0.010407434,-0.021596838,11.0,9.17006,0.31670743,3.4612265,-0.05804775,0.02380124,-0.0697598,0.5440137,-0.16605937,0.7778906,2016-12-08 23:36:33,NaN
9.088389,0.30645782,3.3901896,0.047018073,0.013725266,0.028208788,11.0,9.175327,0.3183451,3.4470873,-0.07693534,-0.018697452,-0.05562071,0.5439159,-0.16853164,0.77630424,2016-12-08 23:36:34,NaN
9.088389,0.32561144,3.4093432,0.061761204,0.014961688,0.027457865,16.0,9.174238,0.3140012,3.4503834,-0.07584549,-7.331983E-4,-0.03167641,0.5440195,-0.16769627,0.7769197,2016-12-08 23:36:35,NaN
9.078813,0.32561144,3.3997664,-0.10782229,0.012410067,-0.0316183,11.0,9.176596,0.31249332,3.4442475,-0.091824286,-0.012845687,-0.039160576,0.5463952,-0.16076261,0.7801785,2016-12-08 23:36:36,NaN
9.107543,0.32561144,3.4476504,-0.023556707,0.0040338244,-0.006978433,16.0,9.166437,0.3072196,3.4716637,-0.054424025,0.0060483986,-0.039336193,0.54294896,-0.1679309,0.7774785,2016-12-08 23:36:37,NaN
9.097966,0.34476504,3.41892,-0.047312334,0.0055931215,-0.01448513,16.0,9.17531,0.32183218,3.4468117,-0.07691789,-0.008564208,-0.028104438,0.54317236,-0.17095414,0.7749813,2016-12-08 23:36:38,NaN
9.107543,0.30645782,3.4284968,-0.043459125,-0.009062456,-0.016441269,16.0,9.174099,0.31205025,3.450931,-0.07570748,0.001217754,-0.018603487,0.54394907,-0.16784179,0.7769172,2016-12-08 23:36:39,NaN
9.078813,0.30645782,3.4380736,-0.017173324,-0.0050200224,-0.009229744,16.0,9.179792,0.32362202,3.4346862,-0.081400365,-0.02397436,-0.0023588706,0.54488814,-0.16726243,0.7765,2016-12-08 23:36:40,NaN
9.078813,0.30645782,3.3997664,-0.114696905,-0.00684739,-0.044017076,11.0,9.164713,0.30876404,3.476074,-0.07994139,0.004503936,-0.09822773,0.5476448,-0.15117797,0.78544647,2016-12-08 23:36:41,NaN
9.107543,0.30645782,3.4476504,-0.03285116,0.0028705818,-0.011335645,16.0,9.167427,0.3090744,3.4688852,-0.08265483,0.004193594,-0.022937367,0.54400647,-0.16490333,0.7788505,2016-12-08 23:36:42,NaN
9.088389,0.31603462,3.4380736,0.038430963,0.0063491,0.017848693,16.0,9.182632,0.3260767,3.4268544,-0.09786049,-0.012808694,-0.035388045,0.54493225,-0.1683089,0.7757349,2016-12-08 23:36:43,NaN
9.097966,0.31603462,3.4476504,0.026221588,0.0031831334,0.014432167,16.0,9.168219,0.3098395,3.4667237,-0.069825895,0.0034285197,-0.04801642,0.5430737,-0.16827713,0.7771194,2016-12-08 23:36:44,NaN
9.107543,0.32561144,3.4476504,0.05403614,0.007603849,0.022432102,11.0,9.176057,0.3136246,3.4455805,-0.09128476,-0.013976958,0.013987792,0.5443888,-0.16722755,0.7770542,2016-12-08 23:36:45,NaN
9.097966,0.30645782,3.4284968,0.328673,0.016995275,0.1250121,16.0,9.175538,0.31825274,3.4465363,-0.077145666,-0.018605098,-0.027829062,0.54705083,-0.15814862,0.7812996,2016-12-08 23:36:46,NaN
9.097966,0.30645782,3.4476504,-0.24291147,-0.005356772,-0.08951188,11.0,9.173259,0.31272957,3.453101,-0.088487364,5.3840963E-4,-0.034393582,0.5452573,-0.16320334,0.77920985,2016-12-08 23:36:47,NaN
9.097966,0.31603462,3.4572272,-0.07038847,0.008368544,-0.025019538,11.0,9.165875,0.31236824,3.4726875,-0.081103586,-0.0127206,-0.0131190615,0.5439591,-0.1644712,0.7790517,2016-12-08 23:36:48,NaN
9.097966,0.31603462,3.4380736,0.2693717,0.006124975,0.100214615,11.0,9.173811,0.3158128,3.4513543,-0.075419016,-0.0025448005,-0.01902663,0.54616255,-0.16042599,0.7804084,2016-12-08 23:36:49,NaN
9.097966,0.31603462,3.3997664,-0.041630764,0.0021296118,-0.008621389,11.0,9.182724,0.3254994,3.4266639,-0.097952776,-0.02585174,-0.035197258,0.544949,-0.16828342,0.7757603,2016-12-08 23:36:50,NaN
9.107543,0.30645782,3.4476504,3.71004E-4,0.0057048765,0.0038730432,16.0,9.170432,0.31292453,3.4605863,-0.08566005,3.4346507E-4,-0.041878995,0.5433216,-0.16840705,0.776827,2016-12-08 23:36:51,NaN
9.097966,0.31603462,3.4284968,0.13728257,0.0028947634,0.055497997,16.0,9.177236,0.3211624,3.4417427,-0.078844056,-0.007894397,-0.023035254,0.5445028,-0.16744173,0.7766419,2016-12-08 23:36:52,NaN
9.088389,0.31603462,3.4284968,-0.062095076,-0.0031277146,-0.02385417,11.0,9.169641,0.31108677,3.4628458,-0.08486863,0.002181202,-0.0032774792,0.5456499,-0.16034363,0.7808458,2016-12-08 23:36:53,NaN
9.097966,0.30645782,3.466804,-0.38550428,-0.010808845,-0.1471997,16.0,9.167258,0.3101919,3.4692318,-0.06886572,0.003076092,-0.036904376,0.5491634,-0.14675815,0.7871973,2016-12-08 23:36:54,NaN
9.088389,0.32561144,3.4093432,-0.03407837,-0.0041627088,-0.012509289,16.0,9.17647,0.31531242,3.444324,-0.09169875,-0.0020444237,-0.052857403,0.54443496,-0.16726905,0.77695626,2016-12-08 23:36:55,NaN
9.097966,0.31603462,3.4284968,0.09335498,0.0067256894,0.037047096,11.0,9.177813,0.310638,3.44117,-0.10666169,-0.010990389,-0.022462683,0.54429126,-0.16821493,0.7765555,2016-12-08 23:36:56,NaN
9.088389,0.34476504,3.3806129,-0.47436732,-0.031790547,-0.18706888,16.0,9.16897,0.3104612,3.464681,-0.0978181,0.030047491,-0.11407561,0.5467516,-0.15624696,0.78282315,2016-12-08 23:36:57,NaN
9.097966,0.31603462,3.41892,0.03489878,-0.004668634,0.013812754,16.0,9.173924,0.31561074,3.4510741,-0.07553208,-0.0023427377,-0.059607722,0.5437606,-0.16842976,0.7765245,2016-12-08 23:36:58,NaN
9.088389,0.31603462,3.4572272,0.1628902,0.006699307,0.062390465,11.0,9.163703,0.30492213,3.479076,-0.065311,0.008345855,-0.019507548,0.5440489,-0.16317892,0.78003746,2016-12-08 23:36:59,NaN
9.078813,0.31603462,3.41892,-0.19072315,-0.014125718,-0.08008472,16.0,9.176014,0.32058012,3.4450538,-0.07762202,-0.007312135,-0.026346402,0.545264,-0.16443373,0.7782063,2016-12-08 23:37:00,NaN
9.097966,0.31603462,3.4476504,-0.038480382,-0.008606577,-0.019400524,11.0,9.168127,0.30348888,3.4675236,-0.08335563,-0.0038412441,-0.048816357,0.54341024,-0.1670654,0.77792287,2016-12-08 23:37:01,NaN
9.088389,0.31603462,3.41892,0.0058598095,-0.0076276427,-0.0016879302,16.0,9.175775,0.32114425,3.4456403,-0.09100294,-0.03511696,-0.054173805,0.5439532,-0.1686303,0.7761404,2016-12-08 23:37:02,NaN
9.088389,0.30645782,3.466804,0.14532152,5.559235E-4,0.056150246,16.0,9.163181,0.2990746,3.4809546,-0.078410104,5.7306525E-4,-0.021386538,0.5447787,-0.16042708,0.78156257,2016-12-08 23:37:03,NaN
9.078813,0.31603462,3.41892,0.1308725,-0.006972702,0.049936216,11.0,9.17389,0.31262788,3.4514363,-0.08911835,6.401164E-4,-0.03272928,0.54443365,-0.16618592,0.77772665,2016-12-08 23:37:04,NaN
9.088389,0.32561144,3.3997664,0.072010696,0.0076811207,0.025850931,16.0,9.180827,0.3198599,3.432275,-0.08243536,-0.0065919003,-0.013567767,0.54523927,-0.16648379,0.77693814,2016-12-08 23:37:05,NaN
9.088389,0.33518824,3.3997664,0.09902269,-0.0057608676,0.03498631,16.0,9.179168,0.315273,3.437133,-0.080775216,-0.002004988,-0.045666695,0.54573107,-0.16411135,0.77833486,2016-12-08 23:37:06,NaN
9.097966,0.32561144,3.4093432,0.0720907,-0.016343381,0.022807041,16.0,9.173031,0.31249446,3.4537303,-0.07463841,7.735173E-4,-0.06226379,0.5468043,-0.15784125,0.78177077,2016-12-08 23:37:07,NaN
9.088389,0.32561144,3.4476504,-0.18454497,-0.011213203,-0.072148904,16.0,9.178616,0.32383648,3.437811,-0.093843564,-0.010568494,-0.019103736,0.54587007,-0.16354299,0.7783789,2016-12-08 23:37:08,NaN
9.088389,0.30645782,3.3997664,0.119640216,-0.009073788,0.038506832,16.0,9.169673,0.31383494,3.4625149,-0.098521404,0.0130534135,-0.07104835,0.5444712,-0.16435327,0.7788363,2016-12-08 23:37:09,NaN
9.088389,0.32561144,3.4380736,0.11772519,0.019191338,0.04864807,16.0,9.184409,0.3214872,3.4225247,-0.09963703,-0.021839557,0.03704341,0.5466796,-0.16322131,0.7782515,2016-12-08 23:37:10,NaN
9.078813,0.32561144,3.4284968,-0.115277044,0.0024974805,-0.038562953,16.0,9.180153,0.32739574,3.4333673,-0.09538068,-0.014127738,-0.028280467,0.54559124,-0.16515821,0.7773919,2016-12-08 23:37:11,NaN
9.088389,0.33518824,3.4093432,0.1303909,-0.0038983566,0.04122097,16.0,9.172726,0.31105188,3.45467,-0.08795366,0.0022161175,-0.07682374,0.5440925,-0.16680627,0.777541,2016-12-08 23:37:12,NaN
9.097966,0.33518824,3.371036,0.06462173,-0.0020467986,0.024740148,16.0,9.173946,0.3105715,3.4514692,-0.08917487,0.016316839,-0.07362295,0.5462402,-0.1601428,0.78069246,2016-12-08 23:37:13,NaN
9.097966,0.31603462,3.4380736,-0.041182265,-0.0024448636,-0.01664096,16.0,9.16511,0.30737433,3.475154,-0.06671759,0.0058936435,-0.015585796,0.544194,-0.16330795,0.77981555,2016-12-08 23:37:14,NaN
9.088389,0.31603462,3.4476504,0.10038986,0.004933915,0.04034652,16.0,9.163985,0.30245167,3.4785478,-0.07921316,0.010816331,-0.01897966,0.54340726,-0.16538419,0.7790258,2016-12-08 23:37:15,NaN
9.088389,0.33518824,3.3901896,-0.035190623,-0.0015832386,-0.020104827,16.0,9.179774,0.31861743,3.4352055,-0.09500242,0.008270906,-0.07097956,0.5461365,-0.16305912,0.7787017,2016-12-08 23:37:16,NaN
9.088389,0.30645782,3.4572272,-0.032805465,0.012321164,-0.0091265505,11.0,9.16597,0.3057406,3.4730275,-0.08119835,0.007527395,-0.01345928,0.5436662,-0.16538443,0.77880585,2016-12-08 23:37:17,NaN
9.097966,0.32561144,3.4380736,-0.12820277,-0.010745292,-0.05116397,11.0,9.165548,0.3061479,3.4741032,-0.06715652,-0.0065002735,-0.028155357,0.5430281,-0.16730376,0.77787507,2016-12-08 23:37:18,NaN
9.097966,0.34476504,3.3901896,-0.23718147,-0.008339237,-0.08879741,16.0,9.176778,0.31217736,3.4437892,-0.078386,0.00109064,-0.05232287,0.547888,-0.1556738,0.78254867,2016-12-08 23:37:19,NaN
9.078813,0.34476504,3.371036,-0.032525763,-0.019754497,-0.01968909,16.0,9.1659775,0.30688733,3.4729054,-0.08120584,0.033621363,-0.10867972,0.54219097,-0.17017642,0.77639455,2016-12-08 23:37:20,NaN
9.078813,0.31603462,3.4284968,-0.2832937,-0.0057846163,-0.105262406,11.0,9.170223,0.3053683,3.4618099,-0.085452214,0.007899696,-0.029482558,0.5466449,-0.15708615,0.7825079,2016-12-08 23:37:21,NaN
9.097966,0.33518824,3.3901896,0.01960456,1.0842055E-4,0.0066935197,16.0,9.172365,0.31411102,3.4553494,-0.07397335,0.012777337,-0.063883,0.5437043,-0.16796407,0.7768951,2016-12-08 23:37:22,NaN
9.078813,0.33518824,3.3997664,0.05374251,0.014737293,0.029194467,16.0,9.184832,0.32287785,3.421256,-0.10006018,-0.009609878,-0.0025488273,0.54471976,-0.16983777,0.774944,2016-12-08 23:37:23,NaN
9.088389,0.31603462,3.4572272,0.1033297,0.0035678672,0.03895383,16.0,9.166715,0.3052136,3.4711046,-0.081943214,0.008054375,-0.0115362285,0.54563904,-0.15906267,0.78180635,2016-12-08 23:37:24,NaN
9.078813,0.31603462,3.4476504,-0.2208075,-9.598945E-4,-0.082300566,16.0,9.169033,0.31189856,3.464382,-0.07064142,0.0013694438,0.008806797,0.5455367,-0.16048488,0.7807915,2016-12-08 23:37:25,NaN
9.088389,0.32561144,3.3901896,-0.053256787,-0.012922208,-0.021302829,16.0,9.170288,0.31145182,3.4611003,-0.099136576,-0.011804173,-0.09687456,0.54384094,-0.16664329,0.777754,2016-12-08 23:37:26,NaN
9.097966,0.30645782,3.4476504,0.1954788,0.02636587,0.08026089,16.0,9.180832,0.32177868,3.43208,-0.096059866,-0.022131037,0.013867666,0.5484255,-0.15569882,0.78199804,2016-12-08 23:37:27,NaN
9.097966,0.30645782,3.466804,0.1196261,0.017486434,0.05143519,16.0,9.164117,0.30477864,3.4779947,-0.079345345,-0.018751333,-0.018426416,0.54211104,-0.16966793,0.7768251,2016-12-08 23:37:28,NaN
9.088389,0.30645782,3.3997664,0.10042027,0.005307966,0.03871297,16.0,9.177272,0.3095843,3.4427066,-0.106120504,-0.009936639,-0.037619725,0.5438724,-0.16933282,0.77606636,2016-12-08 23:37:29,NaN
9.088389,0.31603462,3.41892,-0.096421085,-0.016520284,-0.043292698,16.0,9.168728,0.30500004,3.465801,-0.09757702,0.008267972,-0.047093865,0.54283756,-0.16917634,0.7767937,2016-12-08 23:37:30,NaN
9.078813,0.30645782,3.4572272,-0.2743885,0.008867884,-0.095570914,16.0,9.174818,0.31616685,3.4486432,-0.090046085,-0.016519187,0.0109250005,0.5470368,-0.15785702,0.7815428,2016-12-08 23:37:31,NaN
9.088389,0.32561144,3.3901896,0.016120292,5.8524206E-4,0.005088817,16.0,9.166346,0.30713955,3.471911,-0.08157411,0.0061284397,-0.08044455,0.5430179,-0.16767024,0.7776156,2016-12-08 23:37:32,NaN
9.097966,0.29688102,3.4572272,-0.13269228,0.007890088,-0.050010543,16.0,9.18049,0.3226893,3.4329128,-0.095717356,-0.036661994,0.026655447,0.5463332,-0.1627581,0.7786774,2016-12-08 23:37:33,NaN
9.078813,0.31603462,3.4093432,0.008731658,-0.0020742724,0.0038500626,16.0,9.173717,0.302868,3.4527662,-0.08894542,0.010399969,-0.04767953,0.543852,-0.16787787,0.77720934,2016-12-08 23:37:34,NaN
9.097966,0.31603462,3.3806129,0.32313266,0.00939115,0.11943659,16.0,9.177376,0.30740124,3.4426253,-0.07898372,0.0058667297,-0.051158603,0.54486656,-0.1661187,0.7777122,2016-12-08 23:37:35,NaN
9.097966,0.31603462,3.4093432,0.117427945,0.0043028793,0.047558304,16.0,9.174905,0.31060207,3.44892,-0.090133384,-0.02457478,-0.030212872,0.5455615,-0.16283973,0.7793497,2016-12-08 23:37:36,NaN
9.088389,0.31603462,3.4284968,-0.16785814,-0.0061187507,-0.055814307,16.0,9.182219,0.32317543,3.4282393,-0.09744651,-0.023527786,-0.036772612,0.5461506,-0.16409759,0.7779118,2016-12-08 23:37:37,NaN
9.107543,0.32561144,3.4093432,-0.0015418443,-0.013168799,-0.007913541,16.0,9.177102,0.31653932,3.4425251,-0.06508987,-0.0032713222,-0.051058635,0.54405254,-0.1687806,0.77613187,2016-12-08 23:37:38,NaN
9.078813,0.29688102,3.41892,-0.03900127,-0.009978365,-0.013831735,16.0,9.17186,0.3066143,3.457367,-0.08708742,0.0066536777,-0.0659004,0.5447146,-0.16434518,0.7789312,2016-12-08 23:37:39,NaN
9.088389,0.32561144,3.4284968,-0.011698717,0.002939207,-0.004625376,16.0,9.172909,0.31512156,3.453816,-0.0745162,-0.001853584,-0.04872907,0.54370767,-0.16818546,0.77672136,2016-12-08 23:37:40,NaN
9.088389,0.30645782,3.41892,-0.05478132,-0.011722706,-0.023092069,16.0,9.1782875,0.30950704,3.440005,-0.09351602,-0.0098593775,-0.021298002,0.54436755,-0.16814439,0.7765974,2016-12-08 23:37:41,NaN
9.069236,0.29688102,3.3997664,0.03307762,0.010038904,0.016107343,16.0,9.169943,0.31089318,3.462062,-0.08517123,-0.024865873,-0.056974936,0.5440357,-0.16585895,0.77817684,2016-12-08 23:37:42,NaN
9.097966,0.30645782,3.466804,-0.013158678,0.011694107,-2.0297848E-4,16.0,9.163512,0.30114228,3.479904,-0.07874097,-0.0014946355,-0.0339561,0.5434249,-0.16511708,0.77922475,2016-12-08 23:37:43,NaN
9.078813,0.31603462,3.4572272,0.089087,0.017521434,0.037265185,16.0,9.167805,0.31014326,3.467789,-0.08303308,0.0031247241,-0.008220924,0.5440065,-0.1650723,0.7787124,2016-12-08 23:37:44,NaN
9.088389,0.31603462,3.41892,0.014964586,0.0044693025,0.0064952956,16.0,9.179001,0.32626638,3.4365532,-0.09422846,-0.01299839,-0.017846156,0.5443661,-0.1686715,0.775766,2016-12-08 23:37:45,NaN
9.088389,0.33518824,3.371036,-0.06990462,-0.023452425,-0.035871584,16.0,9.175487,0.31102362,3.4473333,-0.09071448,0.043105397,-0.08310748,0.5448845,-0.16533546,0.77809566,2016-12-08 23:37:46,NaN
9.107543,0.30645782,3.41892,-0.048297945,-7.221354E-4,-0.017698577,16.0,9.181741,0.32118785,3.429702,-0.06972863,-0.02154023,0.0026255166,0.5448755,-0.1680613,0.77606493,2016-12-08 23:37:47,NaN
9.097966,0.29688102,3.4572272,0.3388135,0.016356153,0.12756655,16.0,9.163523,0.30639875,3.479418,-0.0651306,-0.020371445,-0.019849844,0.5446887,-0.1609761,0.78105944,2016-12-08 23:37:48,NaN
9.097966,0.32561144,3.4093432,0.42781013,0.01418088,0.16294453,16.0,9.184553,0.32824412,3.4214976,-0.0861605,-0.014976127,-0.01641088,0.5481122,-0.15850912,0.7802689,2016-12-08 23:37:49,NaN
9.088389,0.34476504,3.3614593,0.06278229,-0.010019152,0.023653701,16.0,9.183428,0.32016894,3.4252784,-0.08503573,0.020339752,-0.07467291,0.5440635,-0.17133105,0.77436537,2016-12-08 23:37:50,NaN
9.097966,0.33518824,3.3901896,-0.038220063,-0.02263692,-0.023026,16.0,9.1795845,0.32311237,3.4352899,-0.08119254,0.0037759854,-0.071063936,0.54522526,-0.16606732,0.7771155,2016-12-08 23:37:51,NaN
9.088389,0.32561144,3.4093432,-0.011717388,-9.702973E-4,-0.0021937445,16.0,9.182989,0.31671485,3.4267745,-0.098217964,0.023793835,-0.035307825,0.5455911,-0.1661731,0.777057,2016-12-08 23:37:52,NaN
9.088389,0.32561144,3.4093432,-0.22858669,-0.005981621,-0.08400996,16.0,9.184285,0.31985733,3.4230096,-0.07227247,-0.0065893284,0.0229382,0.5474706,-0.1604714,0.7796175,2016-12-08 23:37:53,NaN
9.097966,0.33518824,3.4093432,-0.0064057442,-0.0106795,-0.005970732,16.0,9.18116,0.32541052,3.4308617,-0.08276788,-0.01214252,-0.02577487,0.5452636,-0.16662043,0.7766775,2016-12-08 23:37:54,NaN
9.088389,0.31603462,3.3997664,-0.03237143,-0.0029541426,-0.009368768,16.0,9.17579,0.31234825,3.4464064,-0.0910179,9.1975176E-4,-0.041319516,0.54312277,-0.17117193,0.7751456,2016-12-08 23:37:55,NaN
9.088389,0.35434186,3.3901896,0.007345432,-0.011107127,-0.006103533,16.0,9.177799,0.32046384,3.440306,-0.07940686,0.006424493,-0.048839428,0.544311,-0.16828188,0.7762144,2016-12-08 23:37:56,NaN
9.078813,0.30645782,3.466804,-0.03675504,0.0013805745,-0.013154545,16.0,9.178447,0.31511706,3.4390695,-0.080054455,-0.015469437,0.006878342,0.54415655,-0.16896719,0.77600396,2016-12-08 23:37:57,NaN
9.078813,0.32561144,3.3901896,-0.04015288,0.001722522,-0.0073288204,16.0,9.183133,0.32380438,3.4257276,-0.084741436,-0.024156732,-0.020640844,0.54539186,-0.1669857,0.7764293,2016-12-08 23:37:58,NaN
9.11712,0.31603462,3.4284968,-0.27641538,-0.011046578,-0.10328858,16.0,9.180792,0.31434372,3.4328735,-0.08240044,-0.0010757281,-5.4596947E-4,0.5462662,-0.16298907,0.7788039,2016-12-08 23:37:59,NaN
9.11712,0.31603462,3.4476504,0.28535903,0.022804363,0.104391426,16.0,9.181839,0.31948203,3.4296002,-0.08344708,-0.0062140394,0.0163477,0.55067515,-0.14797275,0.78546286,2016-12-08 23:38:00,NaN
9.107543,0.30645782,3.4093432,-0.0421862,0.0053293607,-0.011095736,16.0,9.179303,0.32232842,3.4361181,-0.06729037,-0.009060428,-0.031031307,0.54806364,-0.15631083,0.78179616,2016-12-08 23:38:01,NaN
9.107543,0.29688102,3.4476504,-0.037543386,0.009880613,-0.0106825195,16.0,9.180287,0.31892246,3.4338002,-0.095516175,-0.019274805,-0.015093031,0.54453117,-0.1685548,0.77597886,2016-12-08 23:38:02,NaN
9.097966,0.30645782,3.4284968,-0.016190713,-0.00390952,-0.005702682,16.0,9.171926,0.3123741,3.4566762,-0.0871531,8.9392887E-4,-0.03796909,0.5443169,-0.16576385,0.7780588,2016-12-08 23:38:03,NaN
9.097966,0.30645782,3.4476504,-0.26329342,-0.0023213094,-0.09659515,16.0,9.181614,0.31964713,3.4301872,-0.09684213,-0.019999482,-0.011480114,0.5510768,-0.1463677,0.78617066,2016-12-08 23:38:04,NaN
9.088389,0.30645782,3.4284968,0.021346007,0.0038835506,0.010073275,16.0,9.176788,0.31449205,3.443552,-0.07839597,-0.0012240409,-0.024844829,0.5443064,-0.16780443,0.7766987,2016-12-08 23:38:05,NaN
9.097966,0.32561144,3.371036,0.03270948,0.0045619165,0.012208908,16.0,9.180898,0.32379636,3.4317162,-0.08250519,0.016712338,-0.08111086,0.5463771,-0.16279785,0.77859926,2016-12-08 23:38:06,NaN
9.078813,0.34476504,3.371036,-0.019195275,-0.007983368,-0.013700219,16.0,9.181266,0.31943756,3.4311354,-0.096494645,0.02107113,-0.03966893,0.5451686,-0.16688922,0.7767259,2016-12-08 23:38:07,NaN
9.107543,0.33518824,3.4093432,-0.11404653,-0.0078111794,-0.045520786,11.0,9.181076,0.31745633,3.4318304,-0.069063574,-0.004188346,-0.013123218,0.54541963,-0.1659601,0.7772539,2016-12-08 23:38:08,NaN
9.11712,0.34476504,3.3806129,-0.059049144,-0.0155502055,-0.027015427,11.0,9.179916,0.31849033,3.4348335,-0.054283533,-0.0052223266,-0.043367058,0.5454919,-0.16526014,0.7776332,2016-12-08 23:38:09,NaN
9.107543,0.32561144,3.4284968,0.12260593,0.0115964785,0.04830625,16.0,9.185224,0.32609028,3.4199018,-0.07321103,-0.01282228,-0.0011946069,0.5443118,-0.17134221,0.7740641,2016-12-08 23:38:10,NaN
9.11712,0.32561144,3.3901896,-0.03849635,-0.011135822,-0.022183586,13.0,9.180195,0.32185334,3.4337769,-0.081802726,0.018655341,-0.04231024,0.5443365,-0.16918623,0.77557814,2016-12-08 23:38:11,NaN
9.097966,0.33518824,3.371036,-0.27458364,-0.001767707,-0.09956364,13.0,9.181617,0.32398292,3.4297717,-0.083225116,0.0029054114,-0.06554564,0.5492332,-0.1532099,0.783018,2016-12-08 23:38:13,NaN
9.11712,0.32561144,3.4380736,-0.00989037,-5.0472905E-4,-0.004597297,16.0,9.179388,0.32302156,3.4358263,-0.053754818,-0.009753566,-0.0034986106,0.5455156,-0.16502835,0.7776374,2016-12-08 23:38:14,NaN
9.11712,0.32561144,3.4284968,-0.04614308,5.7596876E-4,-0.00799618,11.0,9.184839,0.3209534,3.421419,-0.14092869,0.005934924,0.010908789,0.54492915,-0.16914004,0.7753518,2016-12-08 23:38:15,NaN
9.107543,0.31603462,3.3997664,0.16818464,0.009496069,0.06307155,11.0,9.182658,0.32019788,3.4273384,-0.070646405,-0.03417058,-0.035871875,0.54992306,-0.15112582,0.7839976,2016-12-08 23:38:16,NaN
9.126697,0.32561144,3.41892,0.015087417,2.794764E-4,0.007641606,16.0,9.178016,0.31338644,3.4403806,-0.06600349,-1.18463104E-4,-0.021673344,0.544701,-0.16700363,0.7770543,2016-12-08 23:38:17,NaN
9.107543,0.29688102,3.4476504,-0.043593183,0.0058053187,-0.015347503,11.0,9.166869,0.31276378,3.4700286,-0.054856315,-0.0267365,-0.02408064,0.54412067,-0.16434875,0.77903974,2016-12-08 23:38:18,NaN
9.097966,0.31603462,3.3806129,0.060597725,-0.0072239246,0.016768299,11.0,9.177573,0.3253208,3.4404516,-0.09280192,-0.012052815,-0.04898533,0.5441004,-0.1689394,0.7757474,2016-12-08 23:38:19,NaN
9.088389,0.33518824,3.3901896,0.044455614,0.01127515,0.022256188,11.0,9.177732,0.32250977,3.4402926,-0.07934035,-0.009241785,-0.021585641,0.5459463,-0.16290037,0.77878314,2016-12-08 23:38:20,NaN
9.097966,0.33518824,3.3997664,-0.009115998,-0.001576386,-0.003127465,11.0,9.182331,0.3195716,3.4282746,-0.08393921,-0.0063036145,-0.023187594,0.5452328,-0.16711636,0.77654594,2016-12-08 23:38:21,NaN
9.097966,0.31603462,3.3901896,-0.04583097,-0.015208035,-0.020249877,11.0,9.182571,0.3265484,3.4269707,-0.09779981,-0.013280389,-0.035504226,0.54523003,-0.16732395,0.7762106,2016-12-08 23:38:22,NaN
9.088389,0.31603462,3.3997664,0.042005472,0.012526383,0.024614466,13.0,9.1795845,0.3225728,3.4353411,-0.09481288,-0.009304809,-0.057494927,0.5452432,-0.16600071,0.7771649,2016-12-08 23:38:23,NaN
9.078813,0.34476504,3.4093432,-0.19704762,-0.008437212,-0.07413653,11.0,9.178144,0.31673092,3.4397311,-0.06613151,-0.017083263,-0.021023877,0.5463674,-0.16157103,0.77957076,2016-12-08 23:38:24,NaN
9.088389,0.30645782,3.4476504,-0.014095181,0.0133428695,-0.0021825458,11.0,9.174775,0.31758767,3.4486263,-0.06276217,0.009300679,-0.0026783051,0.5455592,-0.16289307,0.77911794,2016-12-08 23:38:25,NaN
9.088389,0.33518824,3.3806129,-0.10721618,-0.01653211,-0.042956237,13.0,9.178649,0.31862432,3.438207,-0.09387764,0.008264022,-0.060360692,0.54464525,-0.16751677,0.7765999,2016-12-08 23:38:26,NaN
9.097966,0.30645782,3.4380736,0.23363152,0.010553512,0.08951152,11.0,9.164895,0.30831307,3.4756358,-0.05288193,0.004954927,-0.04330824,0.54688627,-0.1539718,0.7841845,2016-12-08 23:38:27,NaN
9.11712,0.31603462,3.41892,-0.19891292,-0.012722435,-0.074492805,11.0,9.179554,0.3163694,3.4359996,-0.06754143,-0.0031014213,-0.04453298,0.5538494,-0.13440116,0.7913743,2016-12-08 23:38:28,NaN
9.097966,0.33518824,3.3901896,-0.31139192,-0.023736965,-0.1235078,13.0,9.16566,0.30963585,3.4734993,-0.067267925,0.017252488,-0.08203258,0.5457121,-0.1584272,0.7820367,2016-12-08 23:38:29,NaN
9.088389,0.31603462,3.3997664,-0.09407468,0.0030322897,-0.027801948,13.0,9.183182,0.32599038,3.4253917,-0.09841,-0.012722392,-0.03392513,0.54697365,-0.16178231,0.77887744,2016-12-08 23:38:30,NaN
9.078813,0.31603462,3.4093432,0.24552181,0.013794495,0.09184592,11.0,9.181645,0.32023877,3.430048,-0.09687373,-0.0069707744,-0.024961008,0.547988,-0.15756075,0.7811329,2016-12-08 23:38:31,NaN
9.088389,0.30645782,3.4284968,0.1061942,-0.012702783,0.029795948,13.0,9.172914,0.31627256,3.453697,-0.088142365,0.024236122,-0.06223054,0.54555345,-0.16211724,0.7796438,2016-12-08 23:38:32,NaN
9.097966,0.30645782,3.4284968,-0.012776827,0.005226279,4.1658696E-4,13.0,9.178429,0.31276053,3.4393332,-0.093657345,5.0746894E-4,-0.03424623,0.5448845,-0.16656445,0.7772644,2016-12-08 23:38:33,NaN
9.11712,0.31603462,3.4093432,-0.049576983,-0.003834661,-0.019709088,13.0,9.176142,0.30417493,3.446199,-0.07774921,0.009093056,-0.054732244,0.54479057,-0.16581915,0.7780324,2016-12-08 23:38:34,NaN
9.088389,0.31603462,3.4380736,0.32865307,0.012239274,0.12571396,13.0,9.168299,0.30792585,3.466681,-0.08352688,0.0053421403,-0.03435347,0.54813284,-0.15099274,0.78532726,2016-12-08 23:38:35,NaN
9.078813,0.31603462,3.4380736,-0.020276986,-0.0185828,-0.010091141,13.0,9.167012,0.30855173,3.470027,-0.08224,0.0047162604,-0.051319674,0.54396284,-0.16487065,0.77890736,2016-12-08 23:38:36,NaN
9.078813,0.31603462,3.41892,-0.03454313,-0.005908224,-0.014225981,13.0,9.177795,0.31562898,3.4407606,-0.09302388,-0.002360975,-0.022053258,0.5458542,-0.16313547,0.7788775,2016-12-08 23:38:37,NaN
9.069236,0.32561144,3.3901896,-0.10070053,-0.006107713,-0.0352485,13.0,9.177853,0.3182469,3.4403694,-0.09308042,0.022261789,-0.062523164,0.54549634,-0.1643891,0.77818877,2016-12-08 23:38:38,NaN
9.097966,0.31603462,3.4476504,0.04066475,-8.383429E-4,0.014329803,11.0,9.181827,0.32663435,3.4289591,-0.110675305,-0.0269867,0.0033683009,0.5458442,-0.1650026,0.77738965,2016-12-08 23:38:39,NaN
9.088389,0.30645782,3.4476504,-0.053125232,-0.0060324525,-0.022953728,13.0,9.181343,0.3233248,3.4305687,-0.08295078,-0.023677163,0.02899956,0.54630464,-0.16322026,0.7783837,2016-12-08 23:38:40,NaN
9.088389,0.31603462,3.41892,0.05674092,0.008103594,0.02301105,13.0,9.174609,0.31555325,3.4492548,-0.08983743,-0.002285247,-0.01692713,0.5454183,-0.16326602,0.779011,2016-12-08 23:38:41,NaN
9.078813,0.30645782,3.41892,-0.10669279,-0.008037314,-0.04021856,13.0,9.173614,0.309196,3.45248,-0.10246186,0.0040719872,-0.047393143,0.5460678,-0.16056934,0.7805531,2016-12-08 23:38:42,NaN
9.088389,0.30645782,3.4380736,-0.0678816,0.0045692343,-0.025770634,13.0,9.172081,0.31101474,3.4563832,-0.08730939,0.002253241,-0.037676048,0.5463229,-0.15907492,0.78129673,2016-12-08 23:38:43,NaN
9.078813,0.32561144,3.41892,-0.22800691,-0.0043067248,-0.08511314,13.0,9.170676,0.31246996,3.4599805,-0.08590446,-0.012822306,-0.0140326815,0.5458301,-0.16018604,0.7808154,2016-12-08 23:38:44,NaN
9.078813,0.32561144,3.3997664,-0.03304773,5.112083E-4,-0.009984017,13.0,9.18004,0.32149047,3.434226,-0.09526844,-0.008222457,-0.029139223,0.5451666,-0.16642289,0.77696455,2016-12-08 23:38:45,NaN
9.088389,0.33518824,3.3806129,-0.033330142,-0.003043187,-0.010937046,13.0,9.180733,0.32545012,3.4319983,-0.08234058,0.0014382356,-0.04053184,0.5467464,-0.16150908,0.7791749,2016-12-08 23:38:46,NaN
9.097966,0.30645782,3.4476504,0.08818669,0.0058216904,0.037312794,13.0,9.1787,0.31625438,3.43829,-0.080308005,-0.0029863873,-0.01958299,0.5456884,-0.16407374,0.7783512,2016-12-08 23:38:47,NaN
9.097966,0.30645782,3.4093432,-0.018091114,-0.021556225,-0.012716761,13.0,9.172857,0.31369382,3.4540846,-0.074464664,-4.258177E-4,-0.062618144,0.54448736,-0.16560279,0.7780408,2016-12-08 23:38:48,NaN
9.107543,0.30645782,3.4572272,-0.21737677,0.002985265,-0.07870355,13.0,9.18625,0.32073104,3.4176514,-0.10147757,-0.021083418,0.014676332,0.55065995,-0.15007283,0.78421783,2016-12-08 23:38:49,NaN
9.107543,0.32561144,3.4093432,-0.14030418,-0.011682583,-0.05089221,13.0,9.179102,0.32600233,3.436306,-0.09433071,-0.012734341,-0.05845988,0.5458391,-0.16388062,0.7781192,2016-12-08 23:38:50,NaN
9.088389,0.31603462,3.3806129,0.011073321,-0.0013616362,0.0043102982,13.0,9.1831,0.31547654,3.426591,-0.09832854,0.025032163,-0.048744865,0.5451233,-0.16772941,0.7763262,2016-12-08 23:38:51,NaN
9.107543,0.33518824,3.41892,-0.1237323,-0.006402791,-0.047880646,13.0,9.176599,0.3174138,3.4437892,-0.06458608,0.009474529,-0.025081966,0.54536414,-0.16429718,0.778335,2016-12-08 23:38:52,NaN
9.097966,0.33518824,3.4572272,-0.13543153,-0.0060856086,-0.05147963,13.0,9.17123,0.31353712,3.4584136,-0.059218254,-2.6911387E-4,-0.026086198,0.5449413,-0.16342878,0.77919924,2016-12-08 23:38:53,NaN
9.088389,0.32561144,3.3997664,-0.19115378,-0.0047880667,-0.07050712,13.0,9.166791,0.31022465,3.4704638,-0.08201887,0.0030433326,-0.05175653,0.546018,-0.15786056,0.78221494,2016-12-08 23:38:54,NaN
9.097966,0.31603462,3.3997664,0.25743514,0.017110083,0.10116281,13.0,9.181623,0.3339406,3.4288008,-0.08323093,-0.020672591,-0.010093472,0.54623765,-0.16372009,0.77779746,2016-12-08 23:38:55,NaN
9.088389,0.31603462,3.4380736,-0.024941804,-0.01696663,-0.018805841,13.0,9.176932,0.32351723,3.4423306,-0.09216014,-0.01024924,-0.023623414,0.5447151,-0.16665943,0.7769718,2016-12-08 23:38:56,NaN
9.11712,0.32561144,3.3901896,0.33108592,0.028429955,0.13192299,13.0,9.178606,0.32098264,3.4381053,-0.08021407,-0.0077146497,-0.019398022,0.5484678,-0.15455922,0.782684,2016-12-08 23:38:57,NaN
9.088389,0.31603462,3.3614593,0.08618983,0.008699426,0.042915244,13.0,9.187264,0.32819736,3.4142127,-0.11611296,-0.0013090173,-0.06360721,0.54627305,-0.16585979,0.7765926,2016-12-08 23:38:58,NaN
9.088389,0.33518824,3.3614593,-0.001010841,-0.01178632,-0.0017640917,13.0,9.183074,0.32052708,3.4261925,-0.09830193,0.0063612605,-0.07558715,0.54472876,-0.16906625,0.77550775,2016-12-08 23:38:59,NaN
9.097966,0.31603462,3.4476504,0.078319006,0.0070843804,0.029950263,13.0,9.169353,0.3131802,3.4634216,-0.057339467,8.77822E-5,-0.044714417,0.5444164,-0.16439396,0.77885586,2016-12-08 23:39:00,NaN
9.088389,0.30645782,3.4572272,-0.086207144,7.7979045E-4,-0.030206436,13.0,9.163962,0.30774042,3.4781432,-0.079190716,-0.008092771,-0.018575015,0.5451092,-0.15974954,0.78157455,2016-12-08 23:39:01,NaN
9.088389,0.31603462,3.466804,0.029542075,0.0038788742,0.009472974,13.0,9.16601,0.30690518,3.472818,-0.081238255,0.0063628196,-0.013249579,0.5446413,-0.162177,0.7803198,2016-12-08 23:39:02,NaN
9.097966,0.34476504,3.4284968,-0.11575487,-0.0025263357,-0.046511948,13.0,9.180523,0.33142582,3.4319875,-0.06851074,-0.004537475,-0.013280338,0.54612607,-0.16359627,0.7780024,2016-12-08 23:39:03,NaN
9.097966,0.31603462,3.4093432,-0.0046202145,0.0012825893,-9.221894E-4,13.0,9.176232,0.31589827,3.444906,-0.07783982,-0.0026302966,-0.026198843,0.54556984,-0.16343874,0.77881867,2016-12-08 23:39:04,NaN
9.107543,0.31603462,3.4380736,-0.07218546,0.004264681,-0.024259271,13.0,9.1694355,0.31661814,3.4628875,-0.05742343,-0.0033501417,-0.030560156,0.5438614,-0.16630293,0.77781093,2016-12-08 23:39:05,NaN
9.097966,0.31603462,3.4476504,0.35756058,0.017951636,0.13468345,13.0,9.175858,0.31812468,3.4456966,-0.07746573,-0.0048567015,-0.026989428,0.54716307,-0.15789542,0.78140163,2016-12-08 23:39:06,NaN
9.088389,0.34476504,3.3806129,0.17550008,-0.01050818,0.060110793,13.0,9.179488,0.32054856,3.4357867,-0.094716445,-0.007280571,-0.057940517,0.54500896,-0.16669983,0.7768912,2016-12-08 23:39:07,NaN
9.107543,0.34476504,3.3901896,-0.22785638,-0.016114732,-0.08756624,13.0,9.178259,0.32156438,3.4389746,-0.09348776,0.018944303,-0.07474876,0.5475864,-0.15751262,0.7813274,2016-12-08 23:39:08,NaN
9.078813,0.30645782,3.4380736,-0.20918976,-8.8420644E-4,-0.07852259,13.0,9.173911,0.31957352,3.450746,-0.08913912,-0.019925859,-0.018418519,0.54410714,-0.16735691,0.77693224,2016-12-08 23:39:09,NaN
9.097966,0.31603462,3.4380736,0.02585073,0.005438445,0.012667706,13.0,9.176733,0.3242197,3.442798,-0.06472076,-0.010951706,0.016770426,0.5463575,-0.16112001,0.7796438,2016-12-08 23:39:10,NaN
9.088389,0.34476504,3.41892,0.028772406,0.0014542356,0.008719247,13.0,9.179402,0.31735152,3.4363139,-0.09462999,-0.0040835217,-0.017606735,0.54464155,-0.1678161,0.7764468,2016-12-08 23:39:11,NaN
9.088389,0.34476504,3.3806129,-0.056544647,-0.015667932,-0.019893983,13.0,9.177965,0.31899345,3.4399981,-0.06595277,0.021515239,-0.062151976,0.5442172,-0.16863152,0.7760772,2016-12-08 23:39:12,NaN
9.107543,0.32561144,3.41892,0.02647423,0.0035418563,0.011001638,13.0,9.172299,0.31320938,3.455605,-0.08752802,5.8608064E-5,-0.03689793,0.54452085,-0.16525811,0.7782575,2016-12-08 23:39:13,NaN
9.097966,0.31603462,3.4476504,0.02911027,0.0024328623,0.01001741,13.0,9.174559,0.3141817,3.4495153,-0.07616638,-9.1369863E-4,-0.0035674023,0.5453574,-0.16342881,0.7789778,2016-12-08 23:39:14,NaN
9.097966,0.34476504,3.3901896,0.07020459,-0.006634799,0.018548626,13.0,9.180889,0.3250069,3.4316251,-0.082496874,0.0155018065,-0.040158577,0.5454256,-0.16597225,0.7770243,2016-12-08 23:39:15,NaN
9.097966,0.33518824,3.3997664,-0.10053269,0.0026992525,-0.034105677,13.0,9.182117,0.33103403,3.4277587,-0.083725564,-0.0041456893,-0.049912453,0.5459119,-0.16496395,0.777254,2016-12-08 23:39:16,NaN
9.107543,0.31603462,3.4380736,-0.05292131,0.020750731,-0.012421589,13.0,9.179576,0.3176253,3.435829,-0.094803736,-0.0043573123,-0.0035015198,0.5453961,-0.1654225,0.7776017,2016-12-08 23:39:17,NaN
9.097966,0.30645782,3.4380736,0.10804593,0.016003216,0.040449303,13.0,9.174072,0.31717342,3.450536,-0.07568005,-0.0039054377,0.009032085,0.543877,-0.16813527,0.77661264,2016-12-08 23:39:18,NaN
9.097966,0.32561144,3.41892,-5.3214695E-4,0.003203298,0.010424251,13.0,9.187531,0.3309991,3.4132242,-0.07551877,-0.01773112,-0.02175793,0.5462021,-0.16624449,0.77630097,2016-12-08 23:39:19,NaN
9.11712,0.32561144,3.41892,0.041100483,0.0041659973,0.014168501,13.0,9.176541,0.32016224,3.443688,-0.07814907,-0.0068942406,-0.011360404,0.5450005,-0.16551518,0.7776609,2016-12-08 23:39:20,NaN
9.097966,0.33518824,3.4572272,-0.04176629,0.013378117,-0.014912225,13.0,9.175691,0.31627488,3.4463124,-0.06367829,-0.0030068844,0.013255813,0.544771,-0.16586587,0.7776617,2016-12-08 23:39:21,NaN
9.097966,0.32561144,3.4380736,1.3699655E-4,0.0027773378,0.0040136618,13.0,9.180348,0.32304978,3.433253,-0.06833617,-0.009781779,-9.25467E-4,0.5451587,-0.16659783,0.7768114,2016-12-08 23:39:22,NaN
9.097966,0.30645782,3.41892,-0.17756891,0.005436353,-0.06483502,13.0,9.170051,0.3136495,3.4615276,-0.071658954,-3.8149796E-4,-0.029200116,0.546022,-0.15928347,0.7812442,2016-12-08 23:39:23,NaN
9.097966,0.30645782,3.41892,0.05680035,0.015380925,0.027946599,13.0,9.173724,0.317015,3.451474,-0.07533256,-0.0037469934,-0.032766685,0.5479387,-0.15423043,0.7832583,2016-12-08 23:39:24,NaN
9.088389,0.32561144,3.371036,-0.33884433,-0.014613085,-0.13110556,13.0,9.181587,0.3249402,3.4297624,-0.096815534,0.0019481205,-0.07915684,0.5494342,-0.15248923,0.7833174,2016-12-08 23:39:25,NaN
9.107543,0.31603462,3.4284968,0.25184464,0.006963249,0.096660465,13.0,9.166825,0.31316984,3.4701025,-0.08205378,9.814772E-5,-0.065015875,0.54695916,-0.15462741,0.78362155,2016-12-08 23:39:26,NaN
9.11712,0.33518824,3.3901896,0.2904917,0.014426116,0.10996812,13.0,9.181548,0.3197969,3.430349,-0.04229507,0.020711793,-0.025262361,0.5505019,-0.14848751,0.7852474,2016-12-08 23:39:27,NaN
9.107543,0.31603462,3.4093432,0.0053308057,0.007180129,0.0039237323,13.0,9.174854,0.32292336,3.4479203,-0.062841974,0.0039649806,-0.042833555,0.5446364,-0.16606078,0.7774092,2016-12-08 23:39:28,NaN
9.088389,0.32561144,3.3901896,0.05360498,-0.0033745086,0.019531062,13.0,9.176305,0.3175035,3.4445622,-0.09153332,-0.0042355238,-0.025854884,0.54469824,-0.16637339,0.77733797,2016-12-08 23:39:29,NaN
9.11712,0.32561144,3.4380736,0.11751808,-0.0021368426,0.041016318,13.0,9.181649,0.3259923,3.4294977,-0.0832567,-0.012724289,-0.010790534,0.5472984,-0.16002744,0.77980465,2016-12-08 23:39:30,NaN
9.097966,0.31603462,3.4476504,-0.1783457,-0.006701907,-0.06784697,13.0,9.180313,0.31937164,3.4336932,-0.09554112,-0.0061036553,-0.014985998,0.54731137,-0.159313,0.7804242,2016-12-08 23:39:31,NaN
9.088389,0.32561144,3.4476504,-0.026226042,-0.004636228,-0.013147225,16.0,9.167236,0.32872412,3.4675806,-0.06884411,0.011784559,-0.0488733,0.54458666,-0.16318059,0.77909124,2016-12-08 23:39:32,NaN
9.088389,0.32561144,3.4572272,0.12067607,0.003044741,0.045232937,13.0,9.162457,0.33000758,3.4800649,-0.064064845,-0.0031192426,-0.02049661,0.5469628,-0.15296371,0.7841581,2016-12-08 23:39:33,NaN
9.088389,0.33518824,3.41892,0.027897503,-0.005109248,0.010080482,13.0,9.172958,0.33262682,3.4520402,-0.08818643,0.007881849,-0.033333022,0.5506775,-0.1440459,0.7873699,2016-12-08 23:39:34,NaN
9.088389,0.32561144,3.4380736,0.1530278,0.010009843,0.06169023,11.0,9.1777,0.34033749,3.438662,-0.09292828,-0.027069494,-0.019954799,0.5450182,-0.16622977,0.7766091,2016-12-08 23:39:35,NaN
9.107543,0.35434186,3.4093432,-0.0,-0.0,-0.0,13.0,9.177536,0.3325674,3.439857,-0.06552382,0.021561636,-0.048390515,0.54540306,-0.16477732,0.77757466,2016-12-08 23:39:36,NaN
9.107543,0.33518824,3.4284968,-0.05337661,0.012574579,-0.018828927,13.0,9.177017,0.33036566,3.4414551,-0.07862542,-0.017097654,0.004492869,0.54555887,-0.16401239,0.77804685,2016-12-08 23:39:37,NaN
9.078813,0.33518824,3.3806129,-0.22255385,-0.0014679926,-0.083090134,13.0,9.176407,0.3268956,3.4434123,-0.064394884,-7.2740504E-6,-0.02470496,0.54661006,-0.16016316,0.7800368,2016-12-08 23:39:38,NaN
9.097966,0.33518824,3.4476504,-0.2414379,-0.007974496,-0.09115749,13.0,9.168896,0.32349133,3.4636817,-0.07050342,0.017017355,-0.017733926,0.545444,-0.16091082,0.78024435,2016-12-08 23:39:39,NaN
9.097966,0.34476504,3.3806129,-0.35826916,-0.02827701,-0.13952902,13.0,9.179862,0.32949165,3.4339457,-0.06784902,-0.016223652,-0.04247921,0.54785323,-0.15739875,0.78104275,2016-12-08 23:39:40,NaN
9.097966,0.33518824,3.3997664,0.031501133,-0.009298835,0.008100654,13.0,9.182197,0.33367768,3.4272904,-0.08380454,-0.006789339,-0.035823867,0.5456116,-0.16602667,0.7766474,2016-12-08 23:39:41,NaN
9.088389,0.34476504,3.3997664,0.2268871,0.013397624,0.078953095,13.0,9.179711,0.33713326,3.4336069,-0.040457852,0.016995767,-0.028520096,0.5468152,-0.16102141,0.77911276,2016-12-08 23:39:42,NaN
9.107543,0.35434186,3.3901896,-0.20304048,-7.152012E-4,-0.07917647,13.0,9.183035,0.3406401,3.4243588,-0.09826286,0.013488947,-0.005651729,0.5465858,-0.16324912,0.7777312,2016-12-08 23:39:43,NaN
9.088389,0.33518824,3.4476504,0.11516372,0.020246403,0.050399207,13.0,9.175104,0.3243515,3.447122,-0.07671255,0.002536851,-0.0011744474,0.5437108,-0.16918698,0.7758009,2016-12-08 23:39:44,NaN
9.097966,0.36391866,3.3901896,-0.020967914,-0.0112848785,-0.014824967,13.0,9.178957,0.33063266,3.4362535,-0.10780558,0.037116725,-0.0856482,0.5450617,-0.16645618,0.7767273,2016-12-08 23:39:45,NaN
9.097966,0.31603462,3.4284968,0.03256117,0.0020736144,0.014109929,13.0,9.176606,0.3289719,3.4426823,-0.07821475,-0.0020835476,-0.0103547145,0.545155,-0.16516067,0.7775558,2016-12-08 23:39:46,NaN
9.11712,0.34476504,3.4380736,0.11791225,0.00302391,0.04407498,13.0,9.173888,0.32051238,3.450718,-0.08911584,-0.0072444086,-0.0320106,0.54992735,-0.14711304,0.78632367,2016-12-08 23:39:47,NaN
9.107543,0.33518824,3.3997664,0.3057712,0.0063550533,0.11556905,13.0,9.16789,0.31738782,3.46691,-0.08311787,0.009500533,-0.061822776,0.544955,-0.16205187,0.7799458,2016-12-08 23:39:48,NaN
9.088389,0.34476504,3.3901896,0.15944807,-0.015317515,0.045763068,13.0,9.182857,0.3342672,3.4254632,-0.07084426,0.019861847,-0.06123732,0.54861915,-0.15609896,0.78131443,2016-12-08 23:39:49,NaN
9.107543,0.33518824,3.4093432,0.018291572,0.01407068,0.009344676,13.0,9.184592,0.333004,3.4209287,-0.08620041,0.0075046895,-0.029462188,0.5464412,-0.16426572,0.77738106,2016-12-08 23:39:50,NaN
9.11712,0.31603462,3.4380736,0.05362665,0.011573962,0.027948048,13.0,9.186728,0.33715633,3.4147851,-0.08833523,-0.023888344,0.044783212,0.54553163,-0.16819522,0.77519506,2016-12-08 23:39:51,NaN
9.097966,0.33518824,3.4476504,-0.09655965,-3.6311298E-4,-0.036842253,13.0,9.172907,0.32120404,3.4532626,-0.07451454,0.005684307,-0.0073147845,0.54650164,-0.15896103,0.7809927,2016-12-08 23:39:52,NaN
9.11712,0.34476504,3.4476504,0.35006866,0.012000325,0.13234206,13.0,9.17224,0.32391796,3.4547763,-0.060228307,-0.010649963,-0.036069106,0.55120826,-0.1415094,0.78874004,2016-12-08 23:39:53,NaN
9.097966,0.34476504,3.4476504,-0.11252248,-0.0035238243,-0.042126164,13.0,9.165252,0.3247273,3.4732008,-0.06685891,-0.011459306,-0.027252957,0.5458956,-0.15784183,0.7818827,2016-12-08 23:39:54,NaN
9.097966,0.31603462,3.4572272,0.0063336864,-2.4124276E-4,0.002740429,13.0,9.164842,0.32867506,3.4739099,-0.052829556,-0.0017867147,-0.027961867,0.55324745,-0.12960415,0.7939417,2016-12-08 23:39:55,NaN
9.11712,0.34476504,3.4572272,-0.007548116,-0.0034283923,-0.0051613445,13.0,9.161037,0.32623658,3.484157,-0.049025435,0.014272102,-0.024588784,0.5522404,-0.1318636,0.7933699,2016-12-08 23:39:56,NaN
9.097966,0.34476504,3.4572272,0.03552423,0.0019970706,0.013725732,13.0,9.164573,0.317523,3.4756544,-0.07980173,0.00936534,-0.043326944,0.5526206,-0.13191421,0.79334223,2016-12-08 23:39:57,NaN
9.11712,0.33518824,3.4763808,0.0418224,0.0031740565,0.015605512,13.0,9.163474,0.32375684,3.4779735,-0.051462036,0.0031314788,-0.018405218,0.55271465,-0.13106953,0.7935864,2016-12-08 23:39:58,NaN
9.088389,0.33518824,3.4763808,-0.0,-0.0,0.0,13.0,9.1601,0.3215509,3.4870567,-0.04808771,0.0053374385,-0.027488427,0.552499,-0.13020931,0.79420877,2016-12-08 23:39:59,NaN
9.097966,0.33518824,3.466804,-0.033286255,-0.0034595123,-0.014669793,13.0,9.1593075,0.32040468,3.4892442,-0.047294628,-0.0071366746,-0.0024353522,0.5525175,-0.12970154,0.79449075,2016-12-08 23:40:00,NaN
9.11712,0.32561144,3.466804,-0.059838098,-0.0018912252,-0.020524869,13.0,9.160687,0.32327434,3.4853542,-0.04867462,-0.010006339,-0.012165537,0.5526343,-0.12996821,0.79421914,2016-12-08 23:40:01,NaN
9.11712,0.35434186,3.4572272,0.022723526,-0.0016196324,0.0072954027,13.0,9.17012,0.3268829,3.4601226,-0.05810761,5.4295588E-6,-5.544905E-4,0.55309635,-0.13291854,0.7923247,2016-12-08 23:40:02,NaN
9.097966,0.31603462,3.466804,0.0,-0.0,-0.0,13.0,9.162061,0.32371306,3.4817033,-0.05004796,-0.010445069,-0.022134934,0.5530209,-0.1290365,0.7944794,2016-12-08 23:40:03,NaN
9.088389,0.33518824,3.4859576,0.05295708,0.0019583884,0.021952184,13.0,9.157589,0.3168594,3.4940732,-0.07281782,0.023649286,-0.048125118,0.5522873,-0.12973255,0.7946856,2016-12-08 23:40:04,NaN
9.11712,0.34476504,3.4859576,0.028277302,0.0025959057,0.0072085466,13.0,9.160202,0.32604748,3.4863722,-0.048189126,-0.012779493,4.3665085E-4,0.5528243,-0.1289566,0.7945753,2016-12-08 23:40:05,NaN
9.107543,0.34476504,3.4572272,-0.022381457,0.0010918739,-0.0047328006,13.0,9.166273,0.32545084,3.470437,-0.054260258,-0.01218284,-0.038109373,0.5528173,-0.13209848,0.7929471,2016-12-08 23:40:06,NaN
9.107543,0.32561144,3.466804,-0.26806825,-0.010361191,-0.10050547,13.0,9.162532,0.32530633,3.4803123,-0.07776001,-0.012038319,-0.007123997,0.55184025,-0.1342601,0.7923349,2016-12-08 23:40:07,NaN
9.11712,0.33518824,3.4572272,0.016904136,0.0022088613,0.0043949145,13.0,9.164651,0.32437676,3.4748158,-0.052638356,-0.011108774,-0.015247656,0.5526872,-0.13179739,0.7932034,2016-12-08 23:40:08,NaN
9.136273,0.34476504,3.466804,0.0,0.0,0.0,13.0,9.162946,0.32981834,3.4787982,-0.050933313,-0.01655036,-0.01922968,0.5530478,-0.1294947,0.7940825,2016-12-08 23:40:09,NaN
9.11712,0.31603462,3.4763808,-0.33472103,-0.008851493,-0.12611142,13.0,9.163629,0.32907206,3.47707,-0.05161583,-0.0021837219,-0.0038816412,0.55082667,-0.13895604,0.79023314,2016-12-08 23:40:10,NaN
9.11712,0.35434186,3.4476504,-0.109861255,-0.0062547405,-0.04260507,13.0,9.165297,0.32766896,3.4728038,-0.05328429,-7.806095E-4,-0.013235446,0.54403496,-0.16420189,0.77874285,2016-12-08 23:40:11,NaN
9.126697,0.34476504,3.4476504,-0.04015836,2.516066E-5,-0.016456466,13.0,9.167052,0.32690907,3.468239,-0.04141969,0.013599617,-0.008670876,0.55313516,-0.13118893,0.79321647,2016-12-08 23:40:12,NaN
9.107543,0.35434186,3.466804,0.026621092,-2.6153519E-5,0.008837337,13.0,9.163652,0.32964346,3.4769537,-0.03801959,-0.0027551246,-0.017385395,0.5539492,-0.12595683,0.79540557,2016-12-08 23:40:13,NaN
9.126697,0.33518824,3.466804,0.023990504,-0.0045418856,0.004869896,13.0,9.162001,0.32891425,3.4813707,-0.049988106,0.025214767,-0.021802615,0.55249226,-0.1313458,0.79344064,2016-12-08 23:40:14,NaN
9.241618,0.33518824,3.0454245,-0.012279596,-0.016836124,-0.0043303673,13.0,9.301674,0.34767348,3.0868087,-0.06707838,0.006455564,-0.022230329,0.5695937,-0.13483217,0.7814613,2016-12-08 23:40:15,NaN
9.241618,0.34476504,3.0454245,0.0150483465,-8.1281876E-4,0.0033623304,13.0,9.308614,0.35357398,3.0651436,-0.07401824,5.55062E-4,-0.027805993,0.5702681,-0.13607176,0.78028446,2016-12-08 23:40:16,NaN
9.241618,0.35434186,3.0550013,0.48888677,0.013700011,0.15469602,13.0,9.308295,0.34335557,3.0672665,-0.0600795,0.010773466,-0.029928975,0.56864285,-0.14233172,0.77814597,2016-12-08 23:40:17,NaN
9.222465,0.35434186,3.0933087,-0.21291107,-0.0016198365,-0.06950988,13.0,9.304743,0.34766963,3.0775414,-0.07014762,0.0064593824,-0.012963189,0.5632765,-0.16065025,0.7705762,2016-12-08 23:40:18,NaN
9.232041,0.34476504,3.0454245,-0.011343924,-0.0031097326,-0.0053420956,13.0,9.312384,0.3498903,3.0540931,-0.07778828,0.004238719,-0.030375812,0.56210387,-0.16829666,0.7664713,2016-12-08 23:40:19,NaN
9.241618,0.34476504,3.0358477,-0.07146537,-1.4011511E-4,-0.019399302,11.0,9.305987,0.3481363,3.0737267,-0.057771757,0.0059927264,-0.036389373,0.5609574,-0.16914622,0.7665876,2016-12-08 23:40:20,NaN
9.222465,0.33518824,3.0358477,0.24108917,0.014729038,0.080847204,16.0,9.304684,0.3477914,3.0777123,-0.08370811,-0.020903075,-0.02675458,0.5627428,-0.16248353,0.7697549,2016-12-08 23:40:21,NaN
9.232041,0.34476504,3.0454245,-0.00510224,-0.008256393,0.0010800794,16.0,9.309787,0.35224426,3.061729,-0.10243193,-0.011735562,-0.024391346,0.5617934,-0.16817693,0.7666416,2016-12-08 23:40:22,NaN
9.222465,0.34476504,3.0358477,0.18064567,0.0032716007,0.05997634,16.0,9.307877,0.34372225,3.0684984,-0.08690204,-0.0032135716,-0.031160783,0.5630771,-0.16277127,0.7695141,2016-12-08 23:40:23,NaN
9.232041,0.35434186,3.0454245,-0.12549481,-0.008534766,-0.03857005,16.0,9.308254,0.35219952,3.0663893,-0.07365828,0.0019294937,-0.04267228,0.5607444,-0.17094839,0.7654517,2016-12-08 23:40:24,NaN
9.232041,0.33518824,3.016694,-0.06954785,-0.006114161,-0.018630724,16.0,9.310985,0.34560308,3.0588403,-0.076389164,0.008525967,-0.035123065,0.5605881,-0.17257914,0.76469004,2016-12-08 23:40:25,NaN
9.222465,0.35434186,3.064578,-0.0136861885,0.004534793,-0.005526537,16.0,9.303182,0.3462991,3.0824137,-0.054966047,-0.0057904297,-0.031455904,0.56040174,-0.16967759,0.7665942,2016-12-08 23:40:26,NaN
9.251195,0.34476504,3.0262709,0.03469796,2.4236695E-4,0.009135338,16.0,9.307301,0.35169703,3.0693421,-0.072704755,0.0024320008,-0.032004572,0.5623998,-0.16496566,0.7683195,2016-12-08 23:40:27,NaN
9.232041,0.35434186,3.0262709,0.41164407,0.013968879,0.13441174,16.0,9.313078,0.35125792,3.0518186,-0.078482434,-0.024369577,-0.02810132,0.5646026,-0.16007636,0.7701095,2016-12-08 23:40:28,NaN
9.241618,0.35434186,3.0454245,-0.2274844,-0.015236599,-0.07370647,16.0,9.305862,0.3595353,3.0727892,-0.0712674,-0.0054062563,-0.03545185,0.5662624,-0.15059316,0.7745061,2016-12-08 23:40:29,NaN
9.232041,0.34476504,3.0454245,-0.0,0.0,0.0,16.0,9.306367,0.34492707,3.07294,-0.08539236,0.009201959,-0.03560253,0.56134367,-0.16797915,0.7672039,2016-12-08 23:40:30,NaN
9.232041,0.34476504,3.0454245,0.061200824,0.005450773,0.019927049,16.0,9.30698,0.34718654,3.070827,-0.072383866,-0.006677838,-0.033489518,0.559698,-0.17369391,0.76438963,2016-12-08 23:40:31,NaN
9.241618,0.35434186,3.0262709,0.2639896,0.00915273,0.088924214,16.0,9.314384,0.34955928,3.0480216,-0.079789266,-0.022670928,-0.010683917,0.56720316,-0.15124369,0.773867,2016-12-08 23:40:32,NaN
9.222465,0.34476504,3.064578,-0.04468183,-8.6458767E-4,-0.010043551,16.0,9.302846,0.34744757,3.0833004,-0.0954904,-0.03417957,-0.0051018107,0.56043726,-0.16942704,0.76670027,2016-12-08 23:40:33,NaN
9.222465,0.34476504,3.064578,-0.05594925,-0.0010105479,-0.013516206,16.0,9.309459,0.34309477,3.0637681,-0.088483214,-0.029826777,-0.026430573,0.56148386,-0.16889986,0.7666101,2016-12-08 23:40:34,NaN
9.241618,0.34476504,3.0262709,0.10266806,0.0071849097,0.03545656,16.0,9.302505,0.3513013,3.0838907,-0.06790887,-0.010792638,-0.0465533,0.5617986,-0.16476552,0.7687694,2016-12-08 23:40:35,NaN
9.251195,0.35434186,3.0454245,-0.093216136,-0.0042999606,-0.02708714,16.0,9.305318,0.3466487,3.075921,-0.070722885,-0.019760372,-0.052203782,0.56303346,-0.16175619,0.77006984,2016-12-08 23:40:36,NaN
9.251195,0.34476504,3.0550013,-0.28584608,-0.018688291,-0.100728884,11.0,9.308336,0.34480235,3.0669837,-0.060120232,-0.004293664,-0.029646328,0.56283873,-0.16382875,0.7689704,2016-12-08 23:40:37,NaN
9.232041,0.34476504,3.0358477,-0.040394805,9.5602084E-4,-0.0091630835,11.0,9.311146,0.34956628,3.0578997,-0.07655044,-0.009057595,-0.020562286,0.56053233,-0.172899,0.764402,2016-12-08 23:40:38,NaN
9.241618,0.37349546,3.074155,0.13081843,0.004352435,0.042965278,11.0,9.310996,0.34971216,3.0583415,-0.090020314,0.004416881,0.006236563,0.56196195,-0.168127,0.76665574,2016-12-08 23:40:39,NaN
9.232041,0.34476504,3.0262709,-0.0,0.0,-0.0,11.0,9.310979,0.3474024,3.0586565,-0.076383345,-0.0068937214,-0.021318994,0.5616228,-0.16920929,0.76622385,2016-12-08 23:40:40,NaN
9.241618,0.33518824,3.0262709,-0.07509487,0.0016407919,-0.025541162,11.0,9.305416,0.3447805,3.075834,-0.07082098,-0.01789219,-0.038496766,0.5598022,-0.17261992,0.7650894,2016-12-08 23:40:41,NaN
9.203311,0.36391866,3.074155,0.04140157,0.005653717,0.016748352,16.0,9.303376,0.34737372,3.0817075,-0.08240044,-0.0068650413,-0.030749697,0.56067044,-0.16889423,0.7669149,2016-12-08 23:40:42,NaN
9.241618,0.2873042,2.9975405,0.39753807,0.012927589,0.1418177,11.0,9.310479,0.33204433,3.0618794,-0.075883724,-0.018776324,-0.16074549,0.5666495,-0.15098259,0.7747702,2016-12-08 23:40:43,NaN
9.222465,0.38307226,3.1028855,-0.025388366,7.424111E-4,-0.006803969,11.0,9.304815,0.35694492,3.0762632,-0.07021994,-0.0028158887,0.0019355209,0.561665,-0.16639297,0.7676819,2016-12-08 23:40:44,NaN
9.203311,0.35434186,3.0358477,-0.2579591,-0.01388038,-0.0770637,11.0,9.306142,0.35474685,3.0725024,-0.098786585,-0.04147887,-0.07602588,0.56517434,-0.15467377,0.77288496,2016-12-08 23:40:45,NaN
9.232041,0.34476504,3.1316159,-0.056010388,-7.205602E-4,-0.019771753,11.0,9.303762,0.35852203,3.079264,-0.09640735,0.009227366,-0.06916728,0.5608868,-0.16854453,0.7667064,2016-12-08 23:40:46,NaN
9.232041,0.4213795,2.9592333,-0.040511254,-0.0042076516,-0.016502338,16.0,9.295769,0.36789706,3.1022153,-0.047553167,-0.054629102,-0.105738714,0.5601001,-0.1676871,0.76738286,2016-12-08 23:40:47,NaN
9.222465,0.35434186,3.0358477,0.047227696,0.0020450065,0.023043973,11.0,9.314999,0.36428097,3.0444221,-0.080402784,-0.051012967,0.04739667,0.5614546,-0.17189056,0.7641463,2016-12-08 23:40:48,NaN
9.232041,0.36391866,3.016694,0.49544033,0.025120929,0.17109337,11.0,9.309191,0.3717158,3.0612397,-0.074595176,-0.04482745,-0.03752246,0.5638027,-0.16138963,0.76919806,2016-12-08 23:40:49,NaN
9.232041,0.34476504,3.0358477,0.017529566,-0.0051370705,0.010923388,13.0,9.309433,0.35313717,3.062701,-0.07483792,0.05547326,-0.011743226,0.5621815,-0.16672687,0.76731193,2016-12-08 23:40:50,NaN
9.251195,0.35434186,3.0550013,0.20508164,0.013588536,0.066641174,16.0,9.311883,0.3652933,3.053816,-0.07728699,0.01607643,-0.002858078,0.5679067,-0.14758281,0.77513665,2016-12-08 23:40:51,NaN
9.232041,0.35434186,3.0454245,-0.10621297,0.0017125144,-0.03477263,13.0,9.309727,0.36176008,3.0608041,-0.04788985,-0.0076310243,0.003773985,0.5616638,-0.16874887,0.76608473,2016-12-08 23:40:52,NaN
9.232041,0.36391866,3.0454245,-0.051136013,-0.0012262142,-0.014859086,13.0,9.301358,0.36232138,3.0860732,-0.06676248,-0.008192373,-0.035115164,0.56172615,-0.16467437,0.7685579,2016-12-08 23:40:53,NaN
9.232041,0.37349546,3.0358477,-0.040467955,-0.017777793,-0.015483831,13.0,9.311508,0.35436216,3.056244,-0.076912895,0.027007561,-0.059767336,0.5610278,-0.17153086,0.76487696,2016-12-08 23:40:54,NaN
9.222465,0.36391866,3.0454245,-0.18759994,-0.011679415,-0.06256859,11.0,9.300847,0.35493222,3.0884726,-0.079871565,-8.03185E-4,-0.06475547,0.56191,-0.16367328,0.76927793,2016-12-08 23:40:55,NaN
9.251195,0.32561144,3.0262709,0.10537622,0.010545128,0.03640887,13.0,9.304109,0.35116795,3.0790677,-0.11037353,-0.03789993,-0.02810984,0.5601291,-0.17107499,0.7657171,2016-12-08 23:40:56,NaN
9.184157,0.38307226,3.1411927,0.02415463,0.014664291,0.007734349,13.0,9.3081255,0.35904393,3.0659902,-0.16887268,0.03594615,0.025828699,0.5605188,-0.17174608,0.7648679,2016-12-08 23:40:57,NaN
9.222465,0.35434186,3.083732,0.06513799,0.0024470077,0.021164091,13.0,9.291769,0.3594126,3.1151636,-0.07079355,-0.0052835583,-0.036964852,0.5592655,-0.16850214,0.76754296,2016-12-08 23:40:58,NaN
9.232041,0.34476504,3.0550013,0.0038860722,-0.0017202501,0.0024043797,13.0,9.300437,0.35504678,3.0896962,-0.07946172,-9.1775134E-4,-0.052358825,0.56290746,-0.16001412,0.7709555,2016-12-08 23:40:59,NaN
9.222465,0.36391866,3.1028855,-0.056624956,-0.0062333564,-0.018838549,13.0,9.291306,0.358625,3.1166382,-0.04308898,-0.0044959346,-0.03843982,0.5595358,-0.1673781,0.7681289,2016-12-08 23:41:00,NaN
9.212888,0.36391866,3.083732,-0.05613007,-0.005795257,-0.017905125,13.0,9.299404,0.35756955,3.09251,-0.06480805,-0.003440522,-0.02793173,0.5583115,-0.17496885,0.76396984,2016-12-08 23:41:01,NaN
9.222465,0.35434186,3.064578,-0.00899535,-0.0022326985,-0.0057713096,13.0,9.298068,0.3610422,3.0961223,-0.063472115,-0.0069131535,-0.017923675,0.5605452,-0.16712478,0.7676965,2016-12-08 23:41:02,NaN
9.212888,0.34476504,3.083732,0.044781357,0.007706041,0.014150174,13.0,9.2973995,0.35724577,3.09857,-0.07642408,0.010503625,-0.033992052,0.56019795,-0.16791396,0.767492,2016-12-08 23:41:03,NaN
9.232041,0.37349546,3.083732,0.05772046,9.68089E-4,0.02084314,11.0,9.289124,0.3671659,3.1221433,-0.054527946,-0.026657186,-0.05756517,0.56003225,-0.1648601,0.7691933,2016-12-08 23:41:04,NaN
9.232041,0.34476504,3.083732,-0.057776988,-0.0025051846,-0.018088717,13.0,9.297952,0.34988356,3.0977516,-0.09059726,-0.009374874,-0.03317341,0.5598397,-0.169228,0.7670637,2016-12-08 23:41:05,NaN
9.193734,0.35434186,3.0933087,-0.011313777,0.0020012995,-0.00332331,13.0,9.292459,0.35013196,3.1141636,-0.08510389,0.0039970907,-0.022344844,0.55924207,-0.16873093,0.76767516,2016-12-08 23:41:06,NaN
9.222465,0.34476504,3.083732,0.19294749,0.006006186,0.07093753,13.0,9.295294,0.35190997,3.1054914,-0.07431918,-0.03864199,-0.027293067,0.5608626,-0.16461247,0.76933753,2016-12-08 23:41:07,NaN
9.212888,0.35434186,3.083732,-0.03564496,-0.005187025,-0.012525451,13.0,9.288221,0.3538364,3.126362,-0.06724631,-0.026948044,-0.034543216,0.5594683,-0.16611795,0.76908153,2016-12-08 23:41:08,NaN
9.212888,0.35434186,3.074155,-0.08572393,-0.006289023,-0.027239408,13.0,9.290958,0.3539064,3.1182082,-0.08360336,2.226379E-4,-0.040009562,0.5597316,-0.16648191,0.7687177,2016-12-08 23:41:09,NaN
9.241618,0.34476504,3.0933087,-0.15660661,1.8626385E-4,-0.051291514,13.0,9.291266,0.3541495,3.117263,-0.07029144,-0.013640818,-0.052684907,0.5601012,-0.16537957,0.7692007,2016-12-08 23:41:10,NaN
9.222465,0.34476504,3.083732,-0.025540384,-0.0072378144,-0.003249468,13.0,9.296421,0.35369903,3.1019087,-0.07544562,-0.04043104,-0.037330426,0.5606356,-0.16593468,0.76859254,2016-12-08 23:41:11,NaN
9.193734,0.33518824,3.1316159,-0.15640326,-0.006631964,-0.053749043,13.0,9.288513,0.34359905,3.1266353,-0.09477879,-0.016710728,-0.021196166,0.5546461,-0.18153141,0.7618941,2016-12-08 23:41:12,NaN
9.203311,0.37349546,3.1028855,-0.051046733,-0.0015261554,-0.016636519,13.0,9.2977495,0.3491861,3.0984378,-0.090394415,0.004942951,-0.033859666,0.5603021,-0.16758634,0.7678692,2016-12-08 23:41:13,NaN
9.203311,0.34476504,3.083732,0.033653345,0.010389617,0.009729018,16.0,9.295496,0.35163826,3.1049151,-0.088140704,-0.011129557,-0.026716547,0.56083274,-0.16480294,0.7692437,2016-12-08 23:41:14,NaN
9.203311,0.36391866,3.1028855,0.1099759,0.014318808,0.035250522,16.0,9.295926,0.3485854,3.1039732,-0.08857133,-0.008076689,-0.012154106,0.5608054,-0.16504166,0.7691962,2016-12-08 23:41:15,NaN
9.212888,0.34476504,3.0933087,0.070126854,0.006387566,0.02129673,16.0,9.291442,0.34958336,3.1172607,-0.08408636,0.004545658,-0.052682415,0.5603297,-0.16460443,0.7696855,2016-12-08 23:41:16,NaN
9.212888,0.33518824,3.083732,0.42910603,0.006241262,0.14466497,16.0,9.292043,0.34774944,3.1156728,-0.084687404,-0.020861119,-0.037474453,0.56259406,-0.15694854,0.773141,2016-12-08 23:41:17,NaN
9.222465,0.35434186,3.074155,-0.2937169,-0.013324489,-0.09795673,16.0,9.297326,0.3415125,3.100564,-0.07635093,0.012616528,-0.035985768,0.5630127,-0.1578983,0.77252036,2016-12-08 23:41:18,NaN
9.212888,0.36391866,3.1411927,-0.12960124,-0.006680639,-0.047753148,16.0,9.29361,0.34891778,3.110863,-0.099874794,0.0052112597,0.008196816,0.56231445,-0.1587218,0.7722094,2016-12-08 23:41:19,NaN
9.203311,0.36391866,3.1028855,-0.062916085,0.003589013,-0.022604665,16.0,9.299669,0.35090578,3.0924778,-0.09231394,0.0032232616,-6.5902894E-4,0.56129885,-0.16513945,0.7688134,2016-12-08 23:41:20,NaN
9.203311,0.35434186,3.1124623,-0.24856207,-0.0010441326,-0.0839715,16.0,9.291674,0.35574704,3.115868,-0.08431913,-0.0016180344,-0.01042891,0.56305444,-0.15525685,0.77367425,2016-12-08 23:41:21,NaN
9.222465,0.35434186,3.0933087,0.038485374,0.009586195,0.011983206,16.0,9.29193,0.3500633,3.1157484,-0.084575176,0.0040657264,-0.023929548,0.5634362,-0.15388547,0.77441573,2016-12-08 23:41:22,NaN
9.222465,0.34476504,3.0550013,-0.23865509,-0.0050141257,-0.07582764,16.0,9.292975,0.35573566,3.1119835,-0.07200063,-0.015226951,-0.033785053,0.5628035,-0.15679654,0.77290505,2016-12-08 23:41:23,NaN
9.232041,0.35434186,3.074155,0.04005915,-0.0041420674,0.010888802,16.0,9.300805,0.35143498,3.0889971,-0.06620966,0.0026940485,-0.05165968,0.56112266,-0.16627192,0.76819366,2016-12-08 23:41:24,NaN
9.212888,0.35434186,3.064578,0.12416915,9.4559375E-4,0.043480664,16.0,9.294858,0.35519677,3.106418,-0.10112343,-0.0010677526,-0.041839715,0.5611877,-0.16335583,0.7698445,2016-12-08 23:41:25,NaN
9.222465,0.34476504,3.0454245,-0.083150014,-0.016609613,-0.024627956,16.0,9.29828,0.34793082,3.0969875,-0.063684106,0.006198218,-0.046029773,0.5611138,-0.16507208,0.76903415,2016-12-08 23:41:26,NaN
9.212888,0.35434186,3.083732,0.034130946,0.0051613073,0.01383,16.0,9.292215,0.35772094,3.1140268,-0.09848067,-0.0035919258,-0.02220809,0.5612574,-0.16192243,0.7706099,2016-12-08 23:41:27,NaN
9.193734,0.37349546,3.122039,-0.027868273,-8.448019E-4,-0.014147891,11.0,9.291612,0.34891155,3.1168284,-0.08425678,-0.008402853,-0.025009431,0.5606133,-0.1637035,0.7701074,2016-12-08 23:41:28,NaN
9.222465,0.33518824,3.0933087,0.014810189,0.0049637826,0.006490111,11.0,9.289735,0.3522125,3.1220453,-0.08238049,-0.01170379,-0.030226381,0.55991954,-0.1652579,0.7694243,2016-12-08 23:41:29,NaN
9.212888,0.36391866,3.0933087,0.015321196,0.006235458,0.0035330418,11.0,9.295061,0.34789145,3.1066358,-0.060466062,-0.007382772,-0.04205773,0.5599127,-0.16764098,0.7680733,2016-12-08 23:41:30,NaN
9.212888,0.35434186,3.083732,0.026959436,0.0027872361,0.0099942945,11.0,9.297773,0.34368446,3.0989811,-0.07679817,-0.0031757725,-0.034402933,0.561354,-0.16394399,0.7697156,2016-12-08 23:41:31,NaN
9.222465,0.33518824,3.074155,-0.03927744,0.0012051773,-0.01004594,11.0,9.296299,0.3390708,3.103912,-0.07532341,0.0150582455,-0.039333697,0.5605087,-0.16605592,0.7689918,2016-12-08 23:41:32,NaN
9.222465,0.34476504,3.1028855,-0.07180897,-2.081192E-5,-0.02168353,11.0,9.286783,0.34843102,3.1312382,-0.07942847,0.0056980234,-0.039419327,0.56017506,-0.16295785,0.7708055,2016-12-08 23:41:33,NaN
9.222465,0.35434186,3.083732,-0.039751,0.0020392335,-0.011502855,11.0,9.298499,0.35131076,3.095944,-0.07752392,0.002818253,-0.017745357,0.5602581,-0.16811211,0.7675049,2016-12-08 23:41:34,NaN
9.212888,0.34476504,3.083732,0.09152048,0.0039771553,0.030109467,11.0,9.293761,0.33798474,3.1116219,-0.08640575,0.0025239396,-0.033423223,0.55886304,-0.17036287,0.76719,2016-12-08 23:41:35,NaN
9.212888,0.35434186,3.0933087,0.02994061,0.0064803693,0.012581379,11.0,9.287679,0.35090676,3.1283033,-0.0803238,-0.010398073,-0.02286421,0.55804616,-0.17054468,0.76712215,2016-12-08 23:41:36,NaN
9.212888,0.34476504,3.1028855,-0.18432558,-0.01098064,-0.0632773,11.0,9.290106,0.3512911,3.1210437,-0.08275126,-0.010782403,-0.02922464,0.56134766,-0.16049896,0.77159745,2016-12-08 23:41:37,NaN
9.232041,0.35434186,3.083732,-0.09456669,-0.0060113794,-0.026474092,11.0,9.288262,0.3504628,3.1266212,-0.08090739,0.0036662254,-0.048422523,0.55913776,-0.16718778,0.76868284,2016-12-08 23:41:38,NaN
9.212888,0.35434186,3.1124623,-0.0482676,0.0025991623,-0.013810333,11.0,9.29293,0.34175196,3.1136909,-0.08557442,-0.014863638,-0.008251683,0.55976534,-0.16705908,0.76868343,2016-12-08 23:41:39,NaN
9.222465,0.35434186,3.074155,0.21211952,0.008570105,0.06936219,11.0,9.29755,0.3474778,3.0992293,-0.07657456,0.0066512357,-0.034651082,0.5626947,-0.15924162,0.77173465,2016-12-08 23:41:40,NaN
9.222465,0.34476504,3.1316159,-0.30883756,-0.012265187,-0.10271664,11.0,9.28735,0.35829788,3.1284418,-0.052754737,-0.017789211,-0.023002418,0.5633695,-0.15201543,0.7753191,2016-12-08 23:41:41,NaN
9.193734,0.37349546,3.122039,-0.059997875,-0.0026969055,-0.019354198,11.0,9.289325,0.34343556,3.1242414,-0.09559017,0.024313826,0.008438314,0.559447,-0.16651458,0.7691385,2016-12-08 23:41:42,NaN
9.203311,0.34476504,3.083732,0.01482074,-0.010000686,0.009254388,11.0,9.289367,0.3524309,3.1231158,-0.082012214,-0.025542568,-0.031296913,0.5591124,-0.16780597,0.7682551,2016-12-08 23:41:43,NaN
9.203311,0.37349546,3.1124623,-0.15130539,-0.002024268,-0.052959032,11.0,9.286495,0.34644827,3.1323116,-0.07914001,0.007680748,-0.02687242,0.56014293,-0.16290045,0.77091193,2016-12-08 23:41:44,NaN
9.222465,0.35434186,3.0933087,-0.054669596,-0.0043299077,-0.015329353,11.0,9.288004,0.35248187,3.1271605,-0.080648854,0.015267504,-0.04896205,0.55970556,-0.16519353,0.76956767,2016-12-08 23:41:45,NaN
9.203311,0.34476504,3.0933087,-0.04055932,-0.002418037,-0.01269167,11.0,9.2934885,0.3434158,3.1118398,-0.08613307,0.010713221,-0.020020887,0.5595903,-0.16792601,0.7681884,2016-12-08 23:41:46,NaN
9.222465,0.33518824,3.083732,-0.071344204,0.0025299734,-0.024041504,11.0,9.288202,0.35150486,3.1266809,-0.06722719,-0.010996182,-0.04848217,0.5588667,-0.16808255,0.7682348,2016-12-08 23:41:47,NaN
9.212888,0.33518824,3.1028855,0.016868036,-0.008745895,0.008254229,11.0,9.287033,0.34255043,3.131143,-0.06605835,-0.002041748,-0.039324347,0.5596077,-0.16491023,0.77006966,2016-12-08 23:41:48,NaN
9.193734,0.34476504,3.122039,-0.01628981,0.003907881,-0.0054143006,11.0,9.290623,0.3426483,3.1204672,-0.08326751,-0.0021396098,-0.028648328,0.5593954,-0.16726448,0.7687222,2016-12-08 23:41:49,NaN
9.212888,0.34476504,3.1028855,-0.2602368,-0.0089675,-0.08545727,11.0,9.293445,0.3422339,3.1120996,-0.08608984,-0.0017251968,-0.033901025,0.56230265,-0.1585647,0.77248836,2016-12-08 23:41:50,NaN
9.203311,0.35434186,3.1124623,-0.30102795,-0.0109969,-0.10602615,11.0,9.291498,0.34103853,3.1180353,-0.084142886,0.013090511,-0.012596161,0.5615045,-0.16042812,0.77183473,2016-12-08 23:41:51,NaN
9.184157,0.36391866,3.1028855,0.10721073,0.013781036,0.031996697,11.0,9.290662,0.34372944,3.1202352,-0.110547274,0.010399606,-0.014796043,0.55966854,-0.1663834,0.7690967,2016-12-08 23:41:52,NaN
9.222465,0.35434186,3.1028855,-0.04865313,-0.0018860871,-0.013431314,11.0,9.291223,0.34511366,3.1184096,-0.08386772,0.009015354,-0.026590602,0.5593503,-0.16772774,0.7683879,2016-12-08 23:41:53,NaN
9.212888,0.33518824,3.1028855,-0.025483752,-0.0010605028,-0.009410184,11.0,9.285618,0.3506049,3.1344502,-0.064642616,0.0035241474,-0.05625189,0.55939287,-0.16512752,0.7698231,2016-12-08 23:41:54,NaN
9.212888,0.34476504,3.1316159,0.092643656,-0.0011148897,0.031629305,11.0,9.283034,0.3493754,3.1422286,-0.07567922,0.0047536176,-0.050409794,0.55784637,-0.16911055,0.7681724,2016-12-08 23:41:55,NaN
9.212888,0.34476504,3.1316159,-0.18463707,-0.011245154,-0.06154526,11.0,9.287082,0.3488166,3.1303098,-0.07972692,-0.008307926,0.0023703012,0.5598804,-0.16411163,0.7702437,2016-12-08 23:41:56,NaN
9.232041,0.34476504,3.0933087,-0.042148612,-0.0065277363,-0.011658413,11.0,9.289389,0.33700025,3.1247535,-0.08203383,0.0035084304,-0.0056939186,0.5598917,-0.16493386,0.77006114,2016-12-08 23:41:57,NaN
9.193734,0.34476504,3.1124623,-0.046781983,0.0040163095,-0.013397998,11.0,9.28542,0.35507998,3.1345294,-0.09168545,-0.014571274,-0.0018492714,0.55954945,-0.16458382,0.7699518,2016-12-08 23:41:58,NaN
9.203311,0.35434186,3.0933087,-0.007654475,-0.00892744,0.002181965,11.0,9.285464,0.3448739,3.1355395,-0.07810917,-0.017985582,-0.030100228,0.5589064,-0.1666004,0.76932436,2016-12-08 23:41:59,NaN
9.203311,0.35434186,3.1028855,-0.007025916,0.0041360357,-0.002248399,11.0,9.292329,0.34178585,3.1154752,-0.08497421,0.01234318,-0.010035903,0.5595081,-0.16764762,0.76845,2016-12-08 23:42:00,NaN
9.203311,0.36391866,3.122039,-0.24514309,-0.0039943224,-0.08441984,11.0,9.294089,0.344435,3.1099298,-0.08673494,0.009694049,0.022750113,0.5621819,-0.15934016,0.77203256,2016-12-08 23:42:01,NaN
9.222465,0.35434186,3.074155,0.0,-0.0,0.0,11.0,9.289494,0.34542447,3.123523,-0.06851823,-0.01853615,-0.031704053,0.5596154,-0.16605832,0.7692779,2016-12-08 23:42:02,NaN
9.232041,0.35434186,3.1124623,-0.04146427,-0.011343046,-0.01581569,11.0,9.283758,0.34950975,3.1400747,-0.049162604,0.0046192817,-0.048255634,0.5589278,-0.16583273,0.769659,2016-12-08 23:42:03,NaN
9.222465,0.37349546,3.1124623,0.042324033,0.0017645779,0.014431984,11.0,9.286881,0.3575915,3.129912,-0.06590622,-0.0034624739,-0.03809316,0.55924994,-0.16630776,0.76897115,2016-12-08 23:42:04,NaN
9.222465,0.34476504,3.0933087,-0.10628419,-0.0139181325,-0.036565125,11.0,9.286565,0.35662058,3.1309612,-0.06558949,-0.002491544,-0.03914229,0.55943185,-0.16553375,0.76938397,2016-12-08 23:42:05,NaN
9.184157,0.35434186,3.083732,0.01350661,0.0065218117,0.006107206,11.0,9.293944,0.3500513,3.1097364,-0.11383016,0.0040777284,-0.031537995,0.5591573,-0.16967842,0.7671265,2016-12-08 23:42:06,NaN
9.222465,0.35434186,3.1028855,0.21887156,0.012329384,0.07476496,11.0,9.290674,0.34600112,3.1199396,-0.08331988,-0.0054924274,-0.0145003,0.5646728,-0.14856637,0.77688235,2016-12-08 23:42:07,NaN
9.203311,0.36391866,3.0933087,0.101015724,0.015315982,0.030947719,11.0,9.289914,0.3486252,3.1219144,-0.08255923,0.0055038063,-0.0164751,0.5592892,-0.1673982,0.7685255,2016-12-08 23:42:08,NaN
9.212888,0.35434186,3.1124623,0.022205979,0.003628654,0.0064877253,11.0,9.283864,0.35891998,3.138697,-0.07650971,-0.004790949,-0.019637441,0.55903614,-0.16567943,0.76943403,2016-12-08 23:42:09,NaN
9.203311,0.35434186,3.1411927,0.037837263,0.0026204027,0.015945198,11.0,9.288392,0.3535186,3.1258907,-0.081037074,6.104487E-4,-0.0068313726,0.55954754,-0.16592301,0.76917005,2016-12-08 23:42:10,NaN
9.212888,0.34476504,3.1124623,-0.020722108,0.004414642,-0.0071961437,11.0,9.288422,0.3580578,3.1252866,-0.06744666,-0.0039287666,-0.019847143,0.559959,-0.16462308,0.7696318,2016-12-08 23:42:11,NaN
9.222465,0.37349546,3.064578,-0.042293638,-0.010257913,-0.007813992,11.0,9.288594,0.35126817,3.1255445,-0.06761874,0.002860858,-0.033725824,0.5602542,-0.16357511,0.77030885,2016-12-08 23:42:12,NaN
9.193734,0.36391866,3.1507695,-0.01784754,-0.0069280346,-0.00386489,13.0,9.290444,0.3511283,3.1200562,-0.12395065,0.0030007276,0.039864287,0.55991054,-0.1655944,0.7692517,2016-12-08 23:42:13,NaN
9.222465,0.36391866,3.0933087,0.1886317,0.008706326,0.06449425,11.0,9.291064,0.34565085,3.1188188,-0.07008942,-0.005142156,-0.02699982,0.5617276,-0.15952021,0.77213496,2016-12-08 23:42:14,NaN
9.241618,0.35434186,3.1028855,-0.27079087,-0.01756112,-0.09026091,11.0,9.2889385,0.34849662,3.1248295,-0.06796291,0.005632401,-0.04663103,0.5622223,-0.15679306,0.773413,2016-12-08 23:42:15,NaN
9.193734,0.34476504,3.1411927,-0.07238197,0.0024382486,-0.023923742,11.0,9.280961,0.34958896,3.148325,-0.08722626,-0.009080275,-0.029265374,0.5578843,-0.1680635,0.76880413,2016-12-08 23:42:16,NaN
9.193734,0.33518824,3.1028855,0.045005344,0.006689712,0.014784805,11.0,9.283464,0.34068447,3.1419108,-0.07610984,-0.027416468,-0.036471464,0.55907434,-0.16505441,0.77031004,2016-12-08 23:42:17,NaN
9.193734,0.36391866,3.1411927,-0.35959253,-0.0037099915,-0.12464455,11.0,9.282446,0.3426701,3.1447048,-0.07509065,0.011458915,-0.012024837,0.5617101,-0.15539137,0.7746679,2016-12-08 23:42:18,NaN
9.203311,0.35434186,3.1411927,-0.13142894,-0.006106776,-0.04856954,11.0,9.285015,0.34024906,3.1373765,-0.06403991,2.5963163E-4,-0.031937446,0.56009245,-0.16228007,0.77148587,2016-12-08 23:42:19,NaN
9.212888,0.34476504,3.1028855,-0.004555352,-0.007994623,0.0032714228,11.0,9.288453,0.3468065,3.1264615,-0.06747742,-0.006297795,-0.034642562,0.55980355,-0.1649691,0.76981306,2016-12-08 23:42:20,NaN
9.212888,0.33518824,3.083732,-0.019408833,-0.009591278,-0.002853378,11.0,9.284243,0.35056126,3.138522,-0.06326761,-0.02367293,-0.033082794,0.5591183,-0.1654287,0.7697808,2016-12-08 23:42:21,NaN
9.203311,0.35434186,3.083732,-0.084740475,-0.0039019077,-0.02977033,11.0,9.2911,0.34112832,3.1192136,-0.08374468,-0.014239967,-0.013774142,0.5599393,-0.16562738,0.7694953,2016-12-08 23:42:22,NaN
9.193734,0.37349546,3.1507695,-0.012198962,0.0036649776,-0.0072339494,11.0,9.283817,0.34585172,3.1403055,-0.09008267,0.021897672,-0.0076256986,0.5589266,-0.16580121,0.76978165,2016-12-08 23:42:23,NaN
9.203311,0.34476504,3.122039,-0.059105363,-0.003846671,-0.018818928,11.0,9.282222,0.3434592,3.145279,-0.07486702,-0.030191204,-0.026219418,0.5589876,-0.16482817,0.7704173,2016-12-08 23:42:24,NaN
9.212888,0.35434186,3.064578,-0.008061417,-0.012861406,0.0028313247,11.0,9.288412,0.3435951,3.126937,-0.08105703,0.010533942,-0.035118077,0.5592905,-0.16662735,0.7691451,2016-12-08 23:42:25,NaN
9.212888,0.34476504,3.1316159,-0.095941775,-0.0043135784,-0.034230247,11.0,9.28388,0.34618762,3.1400805,-0.090145856,-0.0056789294,-0.0074004107,0.55897325,-0.16567849,0.76982397,2016-12-08 23:42:26,NaN
9.222465,0.35434186,3.1028855,0.06492689,0.0022492334,0.01759004,11.0,9.291345,0.34093562,3.1185007,-0.07036958,0.013193413,-0.040302396,0.55974096,-0.16640538,0.76912355,2016-12-08 23:42:27,NaN
9.212888,0.35434186,3.1028855,-0.008605197,-0.008165006,0.0015278937,11.0,9.285568,0.34434563,3.1352906,-0.050972387,-0.017457278,-0.043471597,0.55945367,-0.16479184,0.77017266,2016-12-08 23:42:28,NaN
9.193734,0.35434186,3.1316159,0.038769957,-0.009087256,0.011442414,11.0,9.286021,0.3486755,3.1334696,-0.092286505,-0.035407506,-0.028030448,0.5600048,-0.1631935,0.77074414,2016-12-08 23:42:29,NaN
9.203311,0.36391866,3.122039,0.005842926,0.007174931,0.005795678,11.0,9.285443,0.35083705,3.1349406,-0.07808839,-0.010328372,-0.015881123,0.5592689,-0.16547151,0.76966864,2016-12-08 23:42:30,NaN
9.203311,0.36391866,3.1124623,-0.043084607,0.0017560618,-0.016203767,11.0,9.285256,0.35013056,3.1355746,-0.105142035,-0.00962188,-0.03013535,0.5594079,-0.16490312,0.7699669,2016-12-08 23:42:31,NaN
9.203311,0.35434186,3.122039,0.060404304,0.0011864103,0.020075893,13.0,9.282752,0.34920856,3.1430814,-0.0753974,-0.02232024,-0.05126231,0.559807,-0.1623685,0.7713358,2016-12-08 23:42:32,NaN
9.222465,0.34476504,3.1316159,-0.01270043,3.6515933E-6,-0.002364758,11.0,9.2824745,0.35004526,3.1438067,-0.047879044,0.0040837554,-0.038367495,0.5586856,-0.16607474,0.7696191,2016-12-08 23:42:33,NaN
9.174581,0.34476504,3.1124623,0.008776092,0.0021404715,0.0037102567,11.0,9.288074,0.34354925,3.1279483,-0.107959375,-0.003040553,-0.04974993,0.5589301,-0.16767901,0.76867884,2016-12-08 23:42:34,NaN
9.212888,0.32561144,3.1124623,0.0070388895,0.0128001105,0.0010899417,11.0,9.284648,0.3338254,3.1391475,-0.090913996,-0.020557428,-0.033708367,0.55907243,-0.16548702,0.7702356,2016-12-08 23:42:35,NaN
9.203311,0.34476504,3.1124623,0.030277012,0.0026309637,0.0163852,11.0,9.28417,0.3511669,3.1386697,-0.09043598,-0.024278546,-0.019610215,0.5598184,-0.16302064,0.77087843,2016-12-08 23:42:36,NaN
9.222465,0.35434186,3.0933087,-0.03279658,0.0017899052,-0.008098801,11.0,9.293162,0.3483451,3.1122606,-0.07218767,-0.02145676,-0.020441744,0.55996794,-0.16659781,0.76867944,2016-12-08 23:42:37,NaN
9.232041,0.34476504,3.1124623,-0.25725174,-0.0058876555,-0.08883669,11.0,9.279495,0.34816402,3.1527991,-0.07214029,-0.0076553146,-0.03373954,0.5622366,-0.1521249,0.7761381,2016-12-08 23:42:38,NaN
9.222465,0.36391866,3.1316159,-0.0016967547,9.406652E-4,-0.0044808513,11.0,9.280216,0.35547468,3.1498604,-0.07286188,-0.0013456474,-0.017180268,0.5586216,-0.16535935,0.7699429,2016-12-08 23:42:39,NaN
9.212888,0.33518824,3.122039,0.027955752,0.011787608,0.005762221,11.0,9.288123,0.34517667,3.1276197,-0.09438891,0.008952381,0.005060245,0.5592324,-0.16671787,0.7690747,2016-12-08 23:42:40,NaN
9.203311,0.33518824,3.1124623,-0.0059521324,-7.435046E-5,-0.0077417064,11.0,9.285476,0.34654826,3.1353214,-0.078120805,0.0075807553,-0.04350256,0.55954814,-0.16446602,0.7702624,2016-12-08 23:42:41,NaN
9.212888,0.36391866,3.1316159,-0.23033167,-0.0018473756,-0.07885234,11.0,9.28404,0.34762058,3.1394484,-0.07668595,0.0065084565,-0.020388955,0.5622377,-0.15434188,0.77486557,2016-12-08 23:42:42,NaN
9.193734,0.35434186,3.1124623,-0.053925917,-0.0052648974,-0.015337927,11.0,9.285572,0.35047153,3.134597,-0.091837585,0.0036574963,-0.029157927,0.55886567,-0.16688073,0.76901376,2016-12-08 23:42:43,NaN
9.203311,0.37349546,3.1316159,0.07666932,0.005184213,0.027761428,11.0,9.28441,0.3456449,3.138574,-0.0906754,-0.005136207,-0.019514408,0.5588909,-0.16618744,0.76956683,2016-12-08 23:42:44,NaN
9.212888,0.35434186,3.1124623,-0.06786705,0.0037791708,-0.025936404,11.0,9.287247,0.35217893,3.1294427,-0.07989152,0.001950095,-0.024003325,0.5588022,-0.16787829,0.7683764,2016-12-08 23:42:45,NaN
9.212888,0.34476504,3.0933087,-0.288533,-0.019461721,-0.09525886,11.0,9.290346,0.3554563,3.1198578,-0.08299151,-0.0149476025,-0.02803876,0.5623456,-0.1571592,0.7729448,2016-12-08 23:42:46,NaN
9.212888,0.35434186,3.1028855,0.19999038,0.0063158497,0.067981064,11.0,9.292437,0.34788394,3.1144795,-0.085082285,0.006245084,-0.036280885,0.5651574,-0.14765778,0.77707547,2016-12-08 23:42:47,NaN
9.212888,0.33518824,3.074155,0.053365026,-0.001507459,0.02097826,11.0,9.291671,0.34798664,3.1167548,-0.05707511,-0.0074779578,-0.024936067,0.5592359,-0.16835961,0.76797146,2016-12-08 23:42:48,NaN
9.193734,0.34476504,3.122039,0.34034452,0.015105797,0.1190619,11.0,9.283298,0.35905766,3.1403618,-0.089563094,-0.0049286364,-0.048542853,0.5606665,-0.15980966,0.7721618,2016-12-08 23:42:49,NaN
9.212888,0.34476504,3.122039,-0.12136869,-0.0060301637,-0.040456116,11.0,9.290806,0.353524,3.1187108,-0.06983005,6.050451E-4,3.4873874E-4,0.5602936,-0.16450267,0.76965743,2016-12-08 23:42:50,NaN
9.212888,0.35434186,3.083732,-0.072121724,-0.021767177,-0.023396682,11.0,9.286783,0.34970704,3.1310954,-0.07942847,0.004421999,-0.052896686,0.5591493,-0.1664653,0.76914716,2016-12-08 23:42:51,NaN
9.212888,0.35434186,3.083732,0.047457177,0.008405838,0.011527128,11.0,9.286824,0.34767154,3.1311998,-0.052228514,0.006457486,-0.039381087,0.5591945,-0.16629726,0.769285,2016-12-08 23:42:52,NaN
9.212888,0.34476504,3.122039,-0.09487922,-0.008585925,-0.029836178,11.0,9.289453,0.3489061,3.1232584,-0.08209784,-0.008397398,-0.0041987896,0.5606315,-0.16263609,0.7707485,2016-12-08 23:42:53,NaN
9.212888,0.34476504,3.1411927,-0.10362078,-0.004404386,-0.03412303,11.0,9.285181,0.34276375,3.136608,-0.09144687,0.011365288,0.009692361,0.55914843,-0.16562162,0.769864,2016-12-08 23:42:54,NaN
9.222465,0.34476504,3.122039,-0.029662684,0.004005529,-0.0075997347,11.0,9.284967,0.35050404,3.1363838,-0.07761287,0.0036249969,-0.04456499,0.5587585,-0.16696647,0.7690147,2016-12-08 23:42:55,NaN
9.222465,0.34476504,3.1028855,0.31978333,0.007983613,0.10979605,11.0,9.286946,0.35276896,3.1302705,-0.07959141,0.0013600655,-0.038451463,0.56131506,-0.15914163,0.77238894,2016-12-08 23:42:56,NaN
9.203311,0.36391866,3.122039,0.099207826,0.008168564,0.030255357,11.0,9.282079,0.35318246,3.1446228,-0.07472403,9.4658777E-4,-0.011942951,0.5591097,-0.16451496,0.7702756,2016-12-08 23:42:57,NaN
9.222465,0.35434186,3.1316159,-0.019847957,0.0055336636,-0.0021425968,11.0,9.283552,0.35586002,3.1399705,-0.08981748,-0.0017309643,-0.0072906767,0.5593386,-0.16445807,0.7701172,2016-12-08 23:42:58,NaN
9.203311,0.35434186,3.122039,0.06095502,0.0016201268,0.020745082,11.0,9.284901,0.3561396,3.1359518,-0.07754553,-0.0020105476,-0.016892215,0.5588345,-0.16677837,0.7689338,2016-12-08 23:42:59,NaN
9.212888,0.35434186,3.1124623,0.107972614,0.0054138433,0.04251172,11.0,9.28354,0.35670474,3.1399126,-0.07618466,-0.029816438,-0.034473386,0.5590087,-0.1655845,0.7695691,2016-12-08 23:43:00,NaN
9.212888,0.33518824,3.0933087,-0.111631386,-0.01622322,-0.03530911,11.0,9.291201,0.3564976,3.1171916,-0.08384611,-0.0023685347,-0.02537272,0.5616565,-0.16002966,0.7715741,2016-12-08 23:43:01,NaN
9.212888,0.35434186,3.1316159,-0.009590421,-0.0014041222,-0.0011915016,11.0,9.284303,0.35912532,3.1373804,-0.076947816,-0.0049962853,-0.004700491,0.5595455,-0.1641555,0.7701047,2016-12-08 23:43:02,NaN
9.222465,0.35434186,3.083732,0.24583602,0.005660414,0.0882934,11.0,9.289971,0.35626563,3.120881,-0.068996236,-0.0021366223,-0.029062118,0.5607424,-0.16262642,0.77049375,2016-12-08 23:43:03,NaN
9.212888,0.35434186,3.122039,0.41901356,0.011348935,0.14184543,11.0,9.286789,0.34975433,3.1310737,-0.07943346,0.0043746918,-0.039254725,0.56300133,-0.15293528,0.7752115,2016-12-08 23:43:04,NaN
9.193734,0.34476504,3.1411927,-0.03682357,0.008439243,-0.014761263,11.0,9.288396,0.35251346,3.125992,-0.08104123,0.0016155666,-0.006932586,0.5587913,-0.1684373,0.76802284,2016-12-08 23:43:05,NaN
9.222465,0.34476504,3.122039,-0.020360004,-0.0013294778,-0.010403072,11.0,9.284851,0.3538292,3.136359,-0.06387614,2.9984675E-4,-0.017299354,0.5589131,-0.16645242,0.76916116,2016-12-08 23:43:06,NaN
9.193734,0.35434186,3.122039,-0.08126809,-0.008228653,-0.03093912,11.0,9.286819,0.34820238,3.1311555,-0.09308539,0.0059266626,-0.052956752,0.55891925,-0.1672266,0.7688349,2016-12-08 23:43:07,NaN
9.184157,0.33518824,3.1411927,-0.0,0.0,0.0,11.0,9.283768,0.3427961,3.140784,-0.076413274,-0.002287403,-0.008104124,0.5583541,-0.16764648,0.7690165,2016-12-08 23:43:08,NaN
9.222465,0.34476504,3.083732,-0.066083685,-0.007463129,-0.023159785,11.0,9.292693,0.35146672,3.113311,-0.07171798,-0.010958045,-0.035112463,0.559085,-0.16937858,0.76731145,2016-12-08 23:43:09,NaN
9.222465,0.34476504,3.122039,-0.252406,-0.011111811,-0.08511474,11.0,9.287749,0.3531443,3.127839,-0.08039446,9.847506E-4,0.004840777,0.5607296,-0.16157614,0.77122366,2016-12-08 23:43:10,NaN
9.232041,0.33518824,3.122039,0.18095304,0.012098359,0.059707064,11.0,9.289124,0.34659976,3.1244943,-0.08176864,-0.0060910555,-0.005434755,0.5608807,-0.16157968,0.7713208,2016-12-08 23:43:11,NaN
9.232041,0.36391866,3.0933087,0.099859715,0.004060565,0.035230245,11.0,9.289845,0.3581,3.1210425,-0.055250358,-0.017591303,-0.029223807,0.5594484,-0.16699882,0.76842487,2016-12-08 23:43:12,NaN
9.212888,0.34476504,3.0933087,-0.089518845,-0.0071170507,-0.031554688,11.0,9.288521,0.35139275,3.1257467,-0.08116593,-0.010884058,-0.03392783,0.559299,-0.16678113,0.7688263,2016-12-08 23:43:13,NaN
9.222465,0.36391866,3.1028855,-0.100963235,5.901809E-4,-0.037645414,11.0,9.287814,0.35145855,3.127839,-0.066838965,0.0026704858,-0.036020264,0.5602166,-0.163346,0.7704633,2016-12-08 23:43:14,NaN
9.232041,0.35434186,3.0933087,-0.07372305,-0.010301779,-0.022685861,11.0,9.289596,0.34667248,3.1230764,-0.08224083,0.007456577,-0.031257425,0.5588044,-0.16883424,0.76793313,2016-12-08 23:43:15,NaN
9.193734,0.34476504,3.1316159,-0.032268114,-0.005285775,-0.00995397,11.0,9.2814,0.35136256,3.1468344,-0.08766519,-0.01085387,-0.01415447,0.55835253,-0.16672899,0.7693472,2016-12-08 23:43:16,NaN
9.212888,0.32561144,3.1124623,-0.034965504,-9.5832825E-4,-0.01595908,11.0,9.282388,0.35160965,3.1438887,-0.061412938,-0.011100953,-0.05206994,0.5590878,-0.16470343,0.7702148,2016-12-08 23:43:17,NaN
9.212888,0.35434186,3.0933087,0.33964336,0.006444512,0.108347215,11.0,9.287816,0.34509498,3.128541,-0.08046097,0.009034059,-0.023101969,0.56010556,-0.16361725,0.77053154,2016-12-08 23:43:18,NaN
9.184157,0.36391866,3.1124623,-0.04607127,-0.007657437,-0.015832761,11.0,9.28742,0.3515904,3.1289945,-0.080065265,-0.011081704,-0.023555245,0.55935216,-0.16610503,0.7692126,2016-12-08 23:43:19,NaN
9.222465,0.34476504,3.1124623,0.0433862,0.0012305927,0.012904531,11.0,9.292247,0.3455233,3.115311,-0.07127156,0.008605721,-0.023492273,0.55971193,-0.16699085,0.7686476,2016-12-08 23:43:20,NaN
9.203311,0.34476504,3.083732,0.18147218,0.0084097395,0.06362795,11.0,9.290082,0.3459674,3.1217115,-0.0691068,-0.019079056,-0.016272258,0.5613451,-0.16040185,0.7718018,2016-12-08 23:43:21,NaN
9.174581,0.35434186,3.1124623,-0.120419,-7.8094355E-4,-0.041655485,11.0,9.283632,0.35105315,3.1402717,-0.10351846,0.0030758842,-0.048452865,0.5590388,-0.16542757,0.76980895,2016-12-08 23:43:22,NaN
9.184157,0.35434186,3.1411927,-0.11634375,-0.0018102288,-0.03848913,11.0,9.280313,0.3544228,3.1496937,-0.10019817,-2.9376772E-4,0.010226691,0.55983704,-0.16122262,0.7718725,2016-12-08 23:43:23,NaN
9.165004,0.36391866,3.122039,-0.20947507,-0.009145085,-0.06697149,11.0,9.283484,0.3451477,3.1413648,-0.10337049,-0.0046390253,-0.022305148,0.55992496,-0.16223155,0.77146894,2016-12-08 23:43:24,NaN
9.193734,0.34476504,3.1028855,0.19707434,0.0017579953,0.070748806,11.0,9.289773,0.34093904,3.1231852,-0.096038245,-0.027671032,-0.017745981,0.5642073,-0.14977309,0.7765873,2016-12-08 23:43:25,NaN
9.193734,0.36391866,3.0933087,0.2699589,0.009745922,0.09089502,11.0,9.284459,0.34410408,3.138599,-0.090724446,0.010024941,-0.005919207,0.5630639,-0.15144284,0.7761836,2016-12-08 23:43:26,NaN
9.193734,0.34476504,3.1316159,-0.09619728,0.010472227,-0.036950625,11.0,9.289817,0.34194934,3.1229417,-0.09608231,-0.0014406776,0.009738083,0.55931324,-0.1671616,0.76884806,2016-12-08 23:43:27,NaN
9.193734,0.33518824,3.0933087,-0.039388757,-0.0031460652,-0.011463071,11.0,9.290806,0.33543372,3.1207051,-0.09707157,-0.008545399,-0.028886292,0.5590672,-0.16832164,0.76843643,2016-12-08 23:43:28,NaN
9.203311,0.34476504,3.0933087,0.43533388,0.01600188,0.14509024,11.0,9.290139,0.3316504,3.123094,-0.08278451,-0.018382434,-0.0312753,0.5621902,-0.15718997,0.773644,2016-12-08 23:43:29,NaN
9.174581,0.33518824,3.122039,0.1945971,0.006832656,0.060947634,11.0,9.276108,0.34119287,3.1635125,-0.09599336,-0.014304549,-0.030832622,0.5602854,-0.15743613,0.7742652,2016-12-08 23:43:30,NaN
9.203311,0.34476504,3.122039,0.0,-0.0,-0.0,11.0,9.282213,0.34913504,3.1446805,-0.074857876,-0.008626348,-0.01200052,0.56115067,-0.15740345,0.77360976,2016-12-08 23:43:32,NaN
9.232041,0.33518824,3.1028855,0.0,0.0,-0.0,11.0,9.280122,0.3508651,3.1506538,-0.0727671,0.0032639443,-0.058834806,0.55856663,-0.16542289,0.7700613,2016-12-08 23:43:33,NaN
9.232041,0.34476504,3.1124623,0.06447243,0.0034722278,0.029761484,11.0,9.285267,0.35469198,3.13503,-0.077912144,-0.041424002,-0.043211184,0.55867773,-0.16744304,0.768641,2016-12-08 23:43:34,NaN
9.203311,0.34476504,3.122039,0.049774405,0.004440585,0.014858254,11.0,9.282326,0.3520149,3.1440291,-0.07497093,0.0021141248,-0.011349182,0.5587567,-0.16580118,0.76969665,2016-12-08 23:43:35,NaN
9.222465,0.34476504,3.1028855,-0.02089009,3.531833E-4,-0.0093808565,11.0,9.285582,0.34346533,3.1353476,-0.07822639,-0.0029566416,-0.043528747,0.5593732,-0.16505553,0.77007675,2016-12-08 23:43:36,NaN
9.222465,0.35434186,3.1124623,0.021058384,0.004781607,0.0076290113,11.0,9.288498,0.35024595,3.1259446,-0.06752231,0.0038830698,-0.03412569,0.5592302,-0.16698113,0.7687697,2016-12-08 23:43:37,NaN
9.212888,0.33518824,3.122039,-0.18332708,-0.009281399,-0.06418268,11.0,9.286031,0.3427711,3.1340919,-0.06505578,-0.0022624114,-0.0150323445,0.5600262,-0.16302288,0.7709997,2016-12-08 23:43:38,NaN
9.203311,0.33518824,3.122039,-0.008222527,0.0014413599,-0.001355775,11.0,9.286491,0.3395659,3.133078,-0.07913668,9.427689E-4,-3.9799444E-4,0.5594452,-0.16516218,0.77008224,2016-12-08 23:43:39,NaN
9.222465,0.33518824,3.1124623,-0.07648452,-0.005371586,-0.02363469,11.0,9.291115,0.33966067,3.1193268,-0.070139304,8.480243E-4,-0.027507965,0.56070346,-0.16300353,0.7707411,2016-12-08 23:43:40,NaN
9.212888,0.35434186,3.122039,-0.07865567,-0.0023812887,-0.030600222,11.0,9.275185,0.34565672,3.1657324,-0.06782989,-0.0187684,-0.046673007,0.5582227,-0.16425581,0.77110463,2016-12-08 23:43:41,NaN
9.193734,0.34476504,3.122039,0.06859708,0.004765023,0.021662943,11.0,9.282708,0.33901417,3.1443257,-0.07535334,0.015114853,-0.011645754,0.5586892,-0.16598305,0.7699833,2016-12-08 23:43:42,NaN
9.212888,0.35434186,3.1028855,-0.15680061,-0.016530506,-0.047172785,11.0,9.284982,0.34698036,3.1367362,-0.077627,-0.00647167,-0.044917054,0.5602339,-0.16189209,0.77146226,2016-12-08 23:43:43,NaN
9.203311,0.32561144,3.1124623,-0.09299813,-5.8724394E-4,-0.033559546,11.0,9.283671,0.3404305,3.1413267,-0.07631684,7.819604E-5,-0.049507808,0.561801,-0.15561652,0.774546,2016-12-08 23:43:44,NaN
9.203311,0.36391866,3.1028855,-0.1352821,-0.0029574144,-0.048099585,11.0,9.284069,0.34530145,3.1396205,-0.06309386,-0.0047927676,0.020300005,0.56076056,-0.15959817,0.77261233,2016-12-08 23:43:45,NaN
9.222465,0.33518824,3.0933087,0.104367584,0.0037394653,0.037995175,11.0,9.287127,0.3486264,3.1301942,-0.07977181,-0.021738058,-0.024754839,0.55988103,-0.16412722,0.77023906,2016-12-08 23:43:46,NaN
9.212888,0.34476504,3.1124623,0.2572651,0.008081949,0.08672144,11.0,9.282988,0.34224564,3.1431541,-0.07563267,-0.0017369653,-0.03771512,0.5607083,-0.15921673,0.772951,2016-12-08 23:43:47,NaN
9.193734,0.35434186,3.1316159,-0.09002019,9.5611735E-4,-0.030128747,11.0,9.285505,0.35016936,3.1348307,-0.0781499,-0.02328104,-0.0021508327,0.5588333,-0.16695352,0.76899374,2016-12-08 23:43:48,NaN
9.193734,0.33518824,3.1124623,0.003923121,0.00964343,0.0058876607,11.0,9.2892685,0.33999932,3.124787,-0.08191412,5.0936535E-4,-0.019347727,0.5586759,-0.16900155,0.7680835,2016-12-08 23:43:49,NaN
9.203311,0.36391866,3.1124623,-0.074271925,-0.0041175764,-0.023375893,16.0,9.282294,0.33616558,3.1458566,-0.07493935,0.0043431018,-0.013176839,0.5578535,-0.1685392,0.7689027,2016-12-08 23:43:50,NaN
9.212888,0.36391866,3.083732,0.29428375,0.0026782795,0.099666215,16.0,9.281996,0.34663394,3.1455986,-0.047400203,-0.00612527,-0.053779963,0.5606201,-0.15913571,0.7729278,2016-12-08 23:43:51,NaN
9.212888,0.34476504,3.1124623,-0.3140895,-0.015030678,-0.09960981,11.0,9.28203,0.34684405,3.1454718,-0.08829617,-0.00633536,-0.026412286,0.56153023,-0.15591456,0.77434695,2016-12-08 23:43:52,NaN
9.212888,0.35434186,3.1028855,0.025036434,-0.007467955,0.014946501,11.0,9.286006,0.34701896,3.1336992,-0.07865119,-0.006510275,-0.04188024,0.5588145,-0.16718888,0.7689457,2016-12-08 23:43:53,NaN
9.212888,0.35434186,3.1028855,0.29757756,0.013891154,0.10007865,11.0,9.284561,0.34301227,3.1384172,-0.063586004,-0.0025035723,-0.0057371473,0.5596215,-0.1637344,0.77077055,2016-12-08 23:43:54,NaN
9.222465,0.34476504,3.0933087,0.10446791,9.063292E-4,0.028144343,11.0,9.2915945,0.33418798,3.1184916,-0.05699863,0.0063207084,-0.013052348,0.56212467,-0.15816762,0.7730344,2016-12-08 23:43:55,NaN
9.193734,0.35434186,3.1316159,-0.1390117,-9.796285E-4,-0.04990482,11.0,9.286055,0.3428694,3.1340115,-0.09231976,0.011259632,-0.0013315668,0.5597387,-0.16401967,0.77053875,2016-12-08 23:43:56,NaN
9.203311,0.34476504,3.122039,-4.713913E-4,0.006337287,0.0027019086,11.0,9.285923,0.35759443,3.1327538,-0.10580876,-0.0034653835,-0.013694336,0.5599152,-0.16361219,0.7702881,2016-12-08 23:43:57,NaN
9.193734,0.38307226,3.083732,-0.10156719,-0.0019942462,-0.034924217,11.0,9.290732,0.36510244,3.1175916,-0.08337724,-0.010973399,-0.025772791,0.5648311,-0.14836732,0.776421,2016-12-08 23:43:58,NaN
9.212888,0.35434186,3.122039,0.0,-0.0,-0.0,13.0,9.285742,0.36234316,3.1327467,-0.07838683,-0.008214143,-6.692127E-5,0.55984443,-0.1638555,0.77004385,2016-12-08 23:43:59,NaN
9.232041,0.37349546,3.0933087,-0.041334238,-0.009106929,-0.0145349335,13.0,9.290583,0.3552534,3.1191778,-0.06960726,-0.0011243863,-0.027358951,0.5606342,-0.16326514,0.77018887,2016-12-08 23:44:00,NaN
9.203311,0.39264908,3.122039,0.09783614,-0.0053908234,0.03463361,13.0,9.285633,0.36192992,3.1331162,-0.07827793,0.005819448,-0.041297488,0.56330794,-0.1514585,0.77557904,2016-12-08 23:44:01,NaN
9.184157,0.36391866,3.1316159,-0.15279658,-0.014631188,-0.046273258,13.0,9.286297,0.36060423,3.1313026,-0.07894215,0.0071451697,0.0013774973,0.56430763,-0.14800347,0.7770317,2016-12-08 23:44:02,NaN
9.222465,0.34476504,3.1124623,0.24034831,0.017176617,0.081972465,13.0,9.28838,0.35889566,3.1253138,-0.06740426,-0.0047666333,-0.033494715,0.5602421,-0.1636527,0.7700564,2016-12-08 23:44:03,NaN
9.222465,0.34476504,3.1028855,0.0,0.0,0.0,13.0,9.283874,0.36019525,3.1385307,-0.062897675,-0.0060662203,-0.06033222,0.55979294,-0.16312976,0.7705752,2016-12-08 23:44:04,NaN
9.232041,0.34476504,3.0933087,-0.035694316,-0.0035201674,-0.012001564,13.0,9.292006,0.35476446,3.1149917,-0.05741013,-6.354402E-4,-0.02317263,0.5600933,-0.16575652,0.76895505,2016-12-08 23:44:05,NaN
9.212888,0.34476504,3.122039,0.15091377,0.0038569013,0.050542995,13.0,9.282227,0.35661414,3.1437998,-0.07487201,-0.0024851013,-0.051980987,0.5608649,-0.15856037,0.772872,2016-12-08 23:44:06,NaN
9.203311,0.37349546,3.0933087,-0.055528678,0.0032941254,-0.019047163,13.0,9.28468,0.35611263,3.1366055,-0.07732523,-0.0019835816,-0.031166188,0.55982256,-0.16332896,0.7705511,2016-12-08 23:44:07,NaN
9.212888,0.36391866,3.122039,0.16779417,0.0059381975,0.06032901,13.0,9.283672,0.3569344,3.1394942,-0.07631767,-0.0028053673,-0.020434678,0.5622289,-0.15436636,0.77461076,2016-12-08 23:44:08,NaN
9.222465,0.36391866,3.122039,0.03497633,-0.0042861635,0.014582202,13.0,9.286154,0.35568902,3.1322875,-0.05155847,-0.015180346,-0.04046866,0.55952597,-0.16501074,0.76968414,2016-12-08 23:44:09,NaN
9.212888,0.36391866,3.0933087,0.23245034,0.0064853933,0.07813238,13.0,9.291071,0.3541153,3.11785,-0.083715595,-0.01360663,-0.026031123,0.5593572,-0.16778976,0.7680915,2016-12-08 23:44:10,NaN
9.222465,0.34476504,3.0933087,-0.061835304,-0.006183129,-0.019545568,13.0,9.283802,0.36389852,3.1383114,-0.049206667,0.003850856,-0.0464924,0.55819845,-0.16853853,0.76793826,2016-12-08 23:44:11,NaN
9.193734,0.37349546,3.122039,0.043183185,1.2087869E-4,0.01362356,13.0,9.288256,0.3555867,3.1260626,-0.09452109,0.025783028,-0.034243945,0.5599323,-0.16459356,0.76973253,2016-12-08 23:44:12,NaN
9.212888,0.35434186,3.1028855,-0.07486078,9.808602E-4,-0.02387413,11.0,9.287142,0.35678825,3.1292338,-0.07978677,-0.0026592368,-0.0101741105,0.5595525,-0.16539216,0.76940423,2016-12-08 23:44:13,NaN
9.212888,0.33518824,3.083732,-0.3028905,-0.017535245,-0.09976972,13.0,9.291726,0.35078654,3.116276,-0.07075115,0.003342504,-0.03807737,0.5613719,-0.16117024,0.77119404,2016-12-08 23:44:14,NaN
9.203311,0.35434186,3.083732,0.07072731,9.8897726E-5,0.021938317,13.0,9.282958,0.35988998,3.1412709,-0.06198239,-0.019381292,-0.049452107,0.5624331,-0.15332593,0.7750288,2016-12-08 23:44:15,NaN
9.203311,0.36391866,3.074155,0.18878102,0.014325888,0.06072561,13.0,9.289811,0.34368202,3.1227672,-0.08245614,0.010446991,-0.030948382,0.5615602,-0.15947844,0.7723023,2016-12-08 23:44:16,NaN
9.184157,0.34476504,3.122039,-0.006218722,-0.0024974844,-0.0016654731,13.0,9.282289,0.34943756,3.1444206,-0.0885547,-0.008928871,-0.02536108,0.55930686,-0.16387497,0.7706706,2016-12-08 23:44:17,NaN
9.222465,0.34476504,3.1124623,-0.0062474436,-0.0010109032,-0.002762471,13.0,9.284474,0.35822365,3.1369717,-0.063499555,-0.017714962,-0.00429169,0.5595954,-0.16404879,0.77016944,2016-12-08 23:44:18,NaN
9.212888,0.35434186,3.1124623,0.04554725,-0.0026985868,0.016688751,13.0,9.283016,0.34853637,3.142373,-0.07566176,-0.021648042,-0.036933884,0.55919474,-0.16457471,0.7703242,2016-12-08 23:44:19,NaN
9.241618,0.36391866,3.083732,0.0320418,0.0018850499,0.009504638,13.0,9.2915,0.3519374,3.116819,-0.070525035,-0.011428729,-0.038620427,0.55970526,-0.1667828,0.7686,2016-12-08 23:44:20,NaN
9.222465,0.34476504,3.074155,0.016638996,0.0027113543,0.0050731157,13.0,9.293969,0.35463727,3.1091406,-0.0866144,-5.082483E-4,-0.03094215,0.5604713,-0.16537789,0.7689954,2016-12-08 23:44:21,NaN
9.203311,0.35434186,3.1124623,0.15590692,0.005113976,0.05291062,13.0,9.286465,0.34960845,3.1320517,-0.079109244,-0.022720132,-0.0129920775,0.5616074,-0.15781929,0.7731059,2016-12-08 23:44:22,NaN
9.193734,0.37349546,3.1124623,-0.16343139,0.0056093824,-0.058271572,13.0,9.2887,0.3528791,3.125046,-0.09496584,0.0012499416,-0.0059865434,0.56183225,-0.15815027,0.77270126,2016-12-08 23:44:23,NaN
9.212888,0.36391866,3.1124623,-0.030051578,-0.0028751988,-0.008133445,13.0,9.286942,0.34672886,3.1309524,-0.06596691,-0.0062201703,-0.0118928645,0.5593671,-0.16575325,0.76955855,2016-12-08 23:44:24,NaN
9.212888,0.33518824,3.1316159,0.037098814,0.010286721,0.013667244,13.0,9.291993,0.3524825,3.1152868,-0.08463836,-0.011973814,0.017393086,0.56007934,-0.16575815,0.76902515,2016-12-08 23:44:25,NaN
9.232041,0.36391866,3.1124623,0.36854845,0.012731606,0.123329796,13.0,9.28218,0.35545477,3.1440732,-0.074824624,-0.0013257216,-0.038633935,0.5608195,-0.15867707,0.7728578,2016-12-08 23:44:26,NaN
9.212888,0.35434186,3.1316159,-0.19922815,0.0026865785,-0.06586693,13.0,9.284868,0.34996197,3.1367364,-0.091134295,0.0041670436,-0.004056634,0.5618961,-0.15602472,0.77400243,2016-12-08 23:44:27,NaN
9.232041,0.35434186,3.0933087,-0.11401014,-0.0095876055,-0.03451389,13.0,9.285671,0.35984644,3.1332428,-0.0510763,-0.0057174033,-0.041424055,0.5602658,-0.16233088,0.77082515,2016-12-08 23:44:28,NaN
9.222465,0.35434186,3.0933087,0.20408736,-1.4942996E-4,0.06941119,11.0,9.285125,0.35764512,3.1351151,-0.06414964,-0.0035160943,-0.043296397,0.55943257,-0.16489038,0.7697522,2016-12-08 23:44:29,NaN
9.193734,0.35434186,3.1124623,0.0020007389,-0.0040622475,0.0018267585,13.0,9.287965,0.3498499,3.127569,-0.08061061,-0.02296158,-0.008509392,0.55978245,-0.16486983,0.7698004,2016-12-08 23:44:30,NaN
9.203311,0.33518824,3.1411927,-0.013542023,-0.0024905442,-0.0049987617,11.0,9.28339,0.35687867,3.140335,-0.06241468,-0.0027496428,-0.021275558,0.5593584,-0.16433384,0.77015483,2016-12-08 23:44:31,NaN
9.222465,0.37349546,3.122039,-0.0402563,-2.3866666E-4,-0.017622905,13.0,9.286827,0.3518603,3.1307218,-0.079472534,0.0022687244,-0.02528252,0.55937546,-0.16576108,0.76940584,2016-12-08 23:44:32,NaN
9.222465,0.36391866,3.1124623,0.11513123,-0.0023249786,0.040506084,13.0,9.288598,0.35195306,3.1254563,-0.05400255,0.0021759802,-0.020017147,0.56279564,-0.15461953,0.7742872,2016-12-08 23:44:33,NaN
9.232041,0.35434186,3.1028855,-0.12155709,-0.013731166,-0.04066117,13.0,9.293415,0.35558188,3.1106896,-0.05881922,0.012167512,-0.0052504097,0.56061965,-0.16463454,0.769349,2016-12-08 23:44:34,NaN
9.184157,0.36391866,3.1028855,-0.024582632,0.0033672478,-0.011110972,13.0,9.286498,0.35813344,3.1309888,-0.09276284,-0.0040044165,-0.03917014,0.55953276,-0.16518809,0.76950276,2016-12-08 23:44:35,NaN
9.203311,0.36391866,3.1124623,0.045237757,0.005018888,0.017679008,11.0,9.283464,0.35301206,3.1405525,-0.076109014,0.0011169823,-0.021492949,0.56226313,-0.1540668,0.7748704,2016-12-08 23:44:36,NaN
9.212888,0.34476504,3.1028855,-0.054449912,-0.014952183,-0.01969588,11.0,9.287426,0.3513066,3.12901,-0.080071084,0.0028224613,-0.05081153,0.56017196,-0.16331612,0.770509,2016-12-08 23:44:37,NaN
9.212888,0.34476504,3.1028855,0.005127027,0.0030936357,0.0034390006,11.0,9.285416,0.3531633,3.1347613,-0.06444061,-0.012654613,-0.029322114,0.5588098,-0.16704261,0.7688659,2016-12-08 23:44:38,NaN
9.203311,0.34476504,3.1124623,0.004134685,0.0030728553,0.0045984425,11.0,9.290172,0.35510373,3.1204214,-0.0828161,-0.014595044,-0.028602395,0.56038713,-0.16391766,0.76992345,2016-12-08 23:44:39,NaN
9.212888,0.35434186,3.1028855,0.030004485,-5.387752E-4,0.013127271,11.0,9.28574,0.35738254,3.1333218,-0.07838517,-0.003253501,-0.05512317,0.560044,-0.16308203,0.7705511,2016-12-08 23:44:40,NaN
9.203311,0.35434186,3.083732,0.01923116,-0.004784424,0.0060353465,11.0,9.291554,0.34525746,3.1174035,-0.08419942,0.008871562,-0.025584497,0.55973566,-0.166591,0.7688905,2016-12-08 23:44:41,NaN
9.193734,0.37349546,3.0933087,-0.05535584,-0.012603096,-0.016056627,11.0,9.286605,0.3511482,3.1314654,-0.09287009,0.002980828,-0.039646484,0.55845886,-0.1687109,0.76806015,2016-12-08 23:44:42,NaN
9.212888,0.35434186,3.122039,0.12714751,0.0010097383,0.043645035,11.0,9.286033,0.3513215,3.1331403,-0.06505744,-0.010812798,-0.027701039,0.5610918,-0.15946919,0.77235067,2016-12-08 23:44:43,NaN
9.222465,0.36391866,3.1124623,0.0013041546,-0.004678922,-4.987226E-4,11.0,9.287505,0.35405812,3.1284654,-0.08015006,7.092199E-5,-0.009405763,0.5598077,-0.16464497,0.76980835,2016-12-08 23:44:44,NaN
9.203311,0.35434186,3.1124623,0.19016497,0.010315926,0.06456023,11.0,9.28566,0.35219595,3.1341462,-0.06468501,0.0019330787,-0.04232728,0.56183153,-0.15667926,0.7735918,2016-12-08 23:44:45,NaN
9.212888,0.34476504,3.074155,0.06263257,-0.008771375,0.021416537,13.0,9.289017,0.35168326,3.1242394,-0.06804105,0.0024457695,-0.046040997,0.56325704,-0.15313277,0.77490735,2016-12-08 23:44:46,NaN
9.203311,0.36391866,3.1316159,0.067998454,-0.0019186914,0.021233657,13.0,9.287291,0.3517228,3.1293657,-0.07993558,0.00240623,-0.037546776,0.55815536,-0.17002752,0.7673701,2016-12-08 23:44:47,NaN
9.203311,0.34476504,3.122039,0.039325006,-1.9379627E-4,0.015545046,13.0,9.290586,0.34070164,3.1207864,-0.08323176,-1.929442E-4,-0.028967762,0.55942404,-0.1671192,0.7688521,2016-12-08 23:44:48,NaN
9.212888,0.35434186,3.074155,0.19189966,0.00586343,0.058602333,13.0,9.29219,0.34565118,3.1154673,-0.0712142,0.008477854,-0.023648351,0.5609228,-0.16285287,0.7705529,2016-12-08 23:44:49,NaN
9.184157,0.38307226,3.1124623,-0.34869894,-0.0107644545,-0.11808802,13.0,9.280775,0.35094714,3.1487212,-0.08704087,0.0031818773,-0.016041568,0.5618909,-0.15407269,0.7751228,2016-12-08 23:44:50,NaN
9.203311,0.34476504,3.122039,-0.15952817,-0.008256661,-0.05253291,13.0,9.2796545,0.3542665,3.1516507,-0.072299905,0.013482894,-0.018970722,0.5602141,-0.1595953,0.7726604,2016-12-08 23:44:51,NaN
9.212888,0.34476504,3.1028855,0.00326697,-0.002401818,0.0027202996,13.0,9.294318,0.35296443,3.1082866,-0.08696356,-0.012455746,-0.016467826,0.5593321,-0.16931967,0.7671793,2016-12-08 23:44:52,NaN
9.212888,0.34476504,3.1124623,0.2670642,0.006921614,0.08452919,13.0,9.2870245,0.35124695,3.1302056,-0.07966956,0.0028820825,-0.038386825,0.5604578,-0.16214478,0.77107406,2016-12-08 23:44:53,NaN
9.203311,0.34476504,3.1316159,0.010657835,0.0072565004,-8.0424506E-4,13.0,9.281723,0.3483159,3.1462207,-0.07436823,0.005813135,7.980673E-5,0.55900127,-0.16463627,0.7703929,2016-12-08 23:44:54,NaN
9.203311,0.37349546,3.0933087,-0.106318995,-0.0025880889,-0.038014464,13.0,9.293029,0.35210267,3.1122386,-0.08567335,0.015646717,-0.020419715,0.55999386,-0.16651385,0.7686125,2016-12-08 23:44:55,NaN
9.212888,0.36391866,3.1507695,0.0037132564,0.0021184424,0.0023591917,13.0,9.282522,0.33726275,3.1450675,-0.07516713,0.0032459411,-0.0123872915,0.55851597,-0.16645162,0.7698317,2016-12-08 23:44:56,NaN
9.212888,0.34476504,3.1028855,0.06500089,0.0077984743,0.017764138,13.0,9.284243,0.34720105,3.1388981,-0.06326761,0.0069279876,-0.019838622,0.5620628,-0.1550682,0.77454704,2016-12-08 23:44:57,NaN
9.222465,0.35434186,3.0933087,0.13588819,0.004545485,0.044389307,13.0,9.291867,0.34929213,3.116019,-0.08451283,0.0048369057,-0.024200143,0.5585439,-0.170751,0.7667848,2016-12-08 23:44:58,NaN
9.212888,0.33518824,3.0933087,-0.16733477,-0.004153423,-0.054997467,13.0,9.288322,0.34605902,3.1269312,-0.080968075,-0.005550334,-0.03511205,0.56076723,-0.1615892,0.7713897,2016-12-08 23:44:59,NaN
9.203311,0.35434186,3.1124623,-0.07488945,-0.0066002337,-0.025809558,13.0,9.285038,0.35153243,3.1360579,-0.07768353,-0.011023745,-0.030618763,0.5597235,-0.16375329,0.7704698,2016-12-08 23:45:00,NaN
9.222465,0.36391866,3.1028855,-0.18018135,-0.012773719,-0.05662948,13.0,9.288913,0.35054624,3.1246805,-0.08155748,-0.010037566,-0.019241318,0.56025994,-0.16369005,0.7702555,2016-12-08 23:45:01,NaN
9.212888,0.35434186,3.1028855,-0.14868604,0.0026574435,-0.04845249,13.0,9.285209,0.3589325,3.1347172,-0.0914743,-0.0048034713,-0.0020373575,0.5609546,-0.15969948,0.7720788,2016-12-08 23:45:02,NaN
9.212888,0.35434186,3.1316159,0.051815018,0.0039819935,0.014424323,13.0,9.283045,0.35138845,3.1419756,-0.08931037,0.0027405764,0.017945081,0.5635825,-0.14892495,0.7771468,2016-12-08 23:45:03,NaN
9.203311,0.34476504,3.122039,0.2317056,0.011198628,0.07934369,13.0,9.28916,0.34492782,3.1245663,-0.08180522,-0.0044191154,-0.032747567,0.5618845,-0.15804176,0.77295095,2016-12-08 23:45:04,NaN
9.212888,0.36391866,3.122039,0.20152743,0.007112051,0.06739427,13.0,9.285891,0.35200432,3.1334856,-0.07853564,0.0021246981,-8.055491E-4,0.5595105,-0.16487801,0.76987684,2016-12-08 23:45:05,NaN
9.203311,0.35434186,3.083732,-0.14914334,-0.010886645,-0.049333412,13.0,9.286333,0.34469417,3.132983,-0.07897873,0.009434859,-0.054784402,0.5648328,-0.14569244,0.7784335,2016-12-08 23:45:06,NaN
9.212888,0.36391866,3.1124623,-0.1349039,-0.009700056,-0.041358247,13.0,9.288614,0.3474721,3.1259077,-0.08125904,-0.0069634225,-0.034088902,0.5619333,-0.1576518,0.773088,2016-12-08 23:45:07,NaN
9.232041,0.36391866,3.083732,0.45342174,0.014567202,0.1495283,13.0,9.291284,0.3479432,3.117915,-0.08392841,-0.0074345213,-0.039716315,0.563812,-0.15214016,0.7752737,2016-12-08 23:45:08,NaN
9.203311,0.35434186,3.1411927,0.36760682,0.010260062,0.12395163,13.0,9.280547,0.34936494,3.14957,-0.07319191,0.0047640875,-0.05775118,0.56126636,-0.1561945,0.7742569,2016-12-08 23:45:09,NaN
9.241618,0.36391866,3.0933087,-0.03554676,-0.012338369,-0.010491595,13.0,9.28265,0.35733983,3.1424713,-0.0616748,-0.01683114,-0.05065233,0.5595172,-0.1634599,0.77059615,2016-12-08 23:45:10,NaN
9.203311,0.34476504,3.122039,-0.05450515,-0.0062491396,-0.015252496,13.0,9.288467,0.3530119,3.1257238,-0.067491546,-0.012503235,-0.033905182,0.5587542,-0.16860075,0.7679252,2016-12-08 23:45:11,NaN
9.212888,0.33518824,3.1316159,-0.16339843,-0.0068961424,-0.0519501,13.0,9.285958,0.3529632,3.1331747,-0.07860297,0.0011658224,-4.948433E-4,0.55997795,-0.16333166,0.7705554,2016-12-08 23:45:12,NaN
9.212888,0.35434186,3.1316159,0.20963083,0.0019159102,0.07352482,13.0,9.28685,0.34573346,3.1313365,-0.09311533,0.008395579,0.014963761,0.5602215,-0.16278256,0.77096206,2016-12-08 23:45:13,NaN
9.203311,0.36391866,3.122039,-0.247146,-0.005368051,-0.08666508,13.0,9.288157,0.34971666,3.127015,-0.08080265,-0.00920796,-0.007955733,0.5613816,-0.15942818,0.77226454,2016-12-08 23:45:14,NaN
9.222465,0.35434186,3.1124623,0.041435443,0.005469866,0.014429826,13.0,9.28409,0.3496769,3.139076,-0.06311465,0.0044521084,-0.020016523,0.56139624,-0.15743554,0.77344495,2016-12-08 23:45:15,NaN
9.193734,0.34476504,3.1411927,0.0041123885,0.013182914,-1.8418694E-4,13.0,9.28285,0.34591797,3.1431587,-0.089115016,-0.0054092957,-0.024099136,0.5603785,-0.16037294,0.7723328,2016-12-08 23:45:16,NaN
9.212888,0.35434186,3.1316159,-0.017793868,6.2935535E-5,-0.0064033046,13.0,9.280075,0.34879926,3.1510234,-0.07271972,0.0053297747,-0.018343285,0.55845,-0.16575912,0.76997125,2016-12-08 23:45:17,NaN
9.222465,0.34476504,3.0933087,-0.054526646,-0.009071797,-0.016080238,13.0,9.282581,0.35704073,3.1427069,-0.07522615,-0.030152392,-0.05088801,0.55871433,-0.16614714,0.76936275,2016-12-08 23:45:18,NaN
9.203311,0.35434186,3.1028855,-0.02288496,0.0045826957,-0.008669848,13.0,9.288692,0.3493778,3.1254635,-0.08133718,0.004751228,-0.03364477,0.5608183,-0.16164316,0.7712394,2016-12-08 23:45:19,NaN
9.232041,0.33518824,3.122039,0.034012202,0.006524937,0.011650792,13.0,9.286095,0.34814104,3.133309,-0.051499445,0.005987972,-0.014249241,0.55961466,-0.16455159,0.77013105,2016-12-08 23:45:20,NaN
9.222465,0.36391866,3.0933087,0.07798785,0.0011340297,0.024823558,13.0,9.287785,0.3520084,3.1278636,-0.08043021,0.0021206194,-0.036044583,0.5587906,-0.16815606,0.7682135,2016-12-08 23:45:21,NaN
9.193734,0.35434186,3.122039,0.07289065,0.0037884503,0.025161419,13.0,9.279543,0.3515712,3.152279,-0.08580886,0.002557816,-0.019598993,0.5602348,-0.15942246,0.77282655,2016-12-08 23:45:22,NaN
9.212888,0.36391866,3.1028855,-0.12850146,-0.00865383,-0.044826612,13.0,9.284315,0.35085604,3.1382792,-0.07696028,0.0032729846,-0.0055993563,0.5606748,-0.16011274,0.7721983,2016-12-08 23:45:23,NaN
9.212888,0.35434186,3.122039,-0.07745474,-0.008115253,-0.019901875,11.0,9.28405,0.3493322,3.13923,-0.07669509,-0.008823527,-0.033790667,0.5595335,-0.1639088,0.7705347,2016-12-08 23:45:24,NaN
9.203311,0.34476504,3.1316159,0.32723305,0.0048536584,0.112854585,13.0,9.285244,0.34875956,3.1357625,-0.077889696,-0.008250877,-0.03032323,0.560972,-0.15947111,0.7724826,2016-12-08 23:45:25,NaN
9.222465,0.36391866,3.0933087,0.0076864343,0.004882477,-0.0035281105,11.0,9.28037,0.3473193,3.1503167,-0.059394494,0.006809732,-0.05849791,0.55955887,-0.1620873,0.7716888,2016-12-08 23:45:26,NaN
9.193734,0.36391866,3.1124623,-0.35975426,-0.019380895,-0.11704142,11.0,9.284687,0.3539346,3.1368318,-0.10457258,-0.013425896,-0.00415182,0.5640556,-0.14801158,0.77733636,2016-12-08 23:45:27,NaN
9.203311,0.34476504,3.1316159,-0.0034713484,0.0059693772,3.0517396E-7,11.0,9.281566,0.3493716,3.146565,-0.07421028,-0.008862937,-0.041125815,0.5601398,-0.16066524,0.77218854,2016-12-08 23:45:28,NaN
9.222465,0.34476504,3.083732,0.28513566,0.0148764765,0.094041556,11.0,9.286397,0.34709686,3.1325293,-0.06542239,0.0070321886,-0.040710364,0.56090057,-0.16023777,0.77210563,2016-12-08 23:45:29,NaN
9.222465,0.35434186,3.1028855,-0.068272896,-0.012127883,-0.014912432,11.0,9.2878895,0.35095775,3.1276724,-0.066913776,-0.024069417,-0.03585338,0.5630167,-0.15344442,0.7748768,2016-12-08 23:45:30,NaN
9.222465,0.35434186,3.1028855,-0.058193795,-0.005629093,-0.020502368,11.0,9.288046,0.35126412,3.1271725,-0.08069125,-0.01075541,-0.035353757,0.560033,-0.1640776,0.7701169,2016-12-08 23:45:31,NaN
9.212888,0.34476504,3.122039,-0.07954482,-3.2743235E-4,-0.026116328,13.0,9.290013,0.35283038,3.1211457,-0.10989884,0.0012986518,-0.015706338,0.5613766,-0.16038123,0.7716109,2016-12-08 23:45:32,NaN
9.203311,0.34476504,3.0933087,-0.03799779,0.005333908,-0.008800027,13.0,9.285318,0.3569453,3.1346188,-0.07796369,-0.0164366,-0.04279989,0.55942893,-0.16497964,0.7697186,2016-12-08 23:45:33,NaN
9.212888,0.34476504,3.1124623,0.02077155,-0.006180161,0.0055702403,11.0,9.284902,0.3520818,3.1364033,-0.06392685,-0.011573117,-0.0037234824,0.55956537,-0.16423914,0.77023906,2016-12-08 23:45:34,NaN
9.193734,0.33518824,3.122039,0.17328843,0.0019975153,0.056600392,11.0,9.28274,0.35714945,3.142227,-0.08900528,-0.030261114,-0.023167435,0.5602607,-0.16093153,0.77175134,2016-12-08 23:45:35,NaN
9.212888,0.33518824,3.0933087,-0.16018131,-0.0066906777,-0.05392673,11.0,9.291078,0.34792274,3.1185303,-0.08372224,-0.0074140495,5.2913517E-4,0.56269014,-0.15613778,0.77356166,2016-12-08 23:45:36,NaN
9.222465,0.36391866,3.083732,-0.05996951,-0.006353087,-0.022622876,13.0,9.28419,0.34923,3.1388285,-0.07683475,0.004899021,-0.006148651,0.5599132,-0.16267008,0.77109593,2016-12-08 23:45:37,NaN
9.212888,0.35434186,3.1028855,0.07445205,-1.5985074E-4,0.025608206,13.0,9.286559,0.35160995,3.131545,-0.079204015,0.0025190816,-0.053346638,0.55965763,-0.16467805,0.76993424,2016-12-08 23:45:38,NaN
9.184157,0.35434186,3.122039,0.29993162,0.010690175,0.10188677,11.0,9.292214,0.34330326,3.1156542,-0.08485949,-0.016414933,0.0034052948,0.56714225,-0.13962635,0.7804627,2016-12-08 23:45:39,NaN
9.203311,0.33518824,3.1124623,-0.0011533621,-0.007163984,-0.00434427,11.0,9.280109,0.34369868,3.1514804,-0.059134286,-0.016810356,-0.04604121,0.56041026,-0.15893248,0.77324003,2016-12-08 23:45:40,NaN
9.232041,0.34476504,3.083732,-0.046792958,-0.002765521,-0.016077545,13.0,9.292542,0.34284618,3.1147258,-0.05794633,-0.002337516,-0.022906814,0.5593506,-0.16828574,0.76810384,2016-12-08 23:45:41,NaN
9.203311,0.35434186,3.122039,0.004170627,0.007349819,-3.3409143E-4,11.0,9.28273,0.34995586,3.143061,-0.10261648,0.0041731745,-0.024001455,0.5584168,-0.16709043,0.7691288,2016-12-08 23:45:42,NaN
9.184157,0.37349546,3.122039,-0.3223057,-0.010802466,-0.10680843,11.0,9.284147,0.3464875,3.1392596,-0.10403306,0.007641546,-0.02019983,0.5621612,-0.15465173,0.7747561,2016-12-08 23:45:43,NaN
9.203311,0.34476504,3.1124623,0.109720886,-0.001694604,0.037488837,11.0,9.283193,0.34742263,3.141981,-0.07583717,-0.006913933,0.004319331,0.5616048,-0.15621676,0.7741136,2016-12-08 23:45:44,NaN
9.174581,0.34476504,3.1507695,-0.06511025,0.008067951,-0.02040268,11.0,9.288408,0.33543012,3.1278367,-0.09467404,0.018698907,0.0048432704,0.5619406,-0.1573133,0.7736053,2016-12-08 23:45:45,NaN
9.193734,0.34476504,3.1316159,-0.5463612,-0.007978982,-0.1892239,11.0,9.285278,0.34954596,3.1355703,-0.09154413,-0.00903728,-0.0028904998,0.56274664,-0.15312277,0.7752473,2016-12-08 23:45:46,NaN
9.203311,0.36391866,3.1124623,-0.050324038,-0.009622432,-0.013720253,11.0,9.289124,0.3475025,3.1243894,-0.08176864,-0.0069938176,-0.032570496,0.5600587,-0.16442241,0.76999646,2016-12-08 23:45:47,NaN
9.212888,0.35434186,3.0933087,-0.25106415,-0.006548963,-0.082078695,11.0,9.2898445,0.3369151,3.123409,-0.08248939,-0.010026759,-0.017969813,0.55805665,-0.17124027,0.76707774,2016-12-08 23:45:48,NaN
9.232041,0.36391866,3.0933087,-0.021302965,-0.0033190635,-0.0077258428,11.0,9.287825,0.3475712,3.1282446,-0.05322859,0.0065578423,-0.036425952,0.5593713,-0.16615556,0.7692841,2016-12-08 23:45:49,NaN
9.222465,0.35434186,3.083732,0.029696258,-0.01096699,0.013782298,11.0,9.285673,0.34919995,3.1344435,-0.06469748,0.0049290783,-0.056244828,0.55882466,-0.1670416,0.76897067,2016-12-08 23:45:50,NaN
9.203311,0.34476504,3.122039,-0.17723544,0.0035552578,-0.06059039,11.0,9.27912,0.35285726,3.1533787,-0.07176536,0.0012717898,-0.020698622,0.56005895,-0.15986334,0.77261937,2016-12-08 23:45:51,NaN
9.203311,0.33518824,3.122039,-0.06271616,-0.0030233043,-0.021082243,11.0,9.282953,0.33767802,3.1437504,-0.075597756,0.0028306707,-0.02469062,0.5591345,-0.16456613,0.77066255,2016-12-08 23:45:52,NaN
9.193734,0.33518824,3.1316159,0.084361985,0.0020846156,0.026436497,11.0,9.288795,0.34837183,3.125272,-0.08144027,-0.007863144,-0.019832801,0.56032187,-0.16338556,0.7704692,2016-12-08 23:45:53,NaN
9.193734,0.35434186,3.1316159,-0.1169915,9.809327E-4,-0.040232986,11.0,9.283741,0.3495138,3.1401255,-0.07638584,0.004615229,-0.034686413,0.5593412,-0.16442506,0.7703129,2016-12-08 23:45:54,NaN
9.212888,0.34476504,3.1124623,0.012382563,-0.0044599804,0.0041851625,11.0,9.282554,0.35245842,3.1433063,-0.07519872,0.0016706155,-0.037866835,0.5582821,-0.16750272,0.76887,2016-12-08 23:45:55,NaN
9.232041,0.35434186,3.0933087,0.1073051,-0.003126582,0.037393373,11.0,9.281886,0.35626113,3.1448486,-0.07453117,-0.002132128,-0.053029697,0.5597585,-0.16225857,0.77123386,2016-12-08 23:45:56,NaN
9.222465,0.34476504,3.083732,0.16767405,0.0034410493,0.05825237,11.0,9.285283,0.34954596,3.1355584,-0.06430759,0.0045830673,-0.04373949,0.56244093,-0.15424424,0.7747618,2016-12-08 23:45:57,NaN
9.222465,0.34476504,3.1028855,-0.031229578,0.0016684481,-0.008424516,11.0,9.292259,0.34689885,3.1151214,-0.08490438,-0.0063901492,-0.023302523,0.55959255,-0.16741951,0.7684045,2016-12-08 23:45:58,NaN
9.193734,0.34476504,3.122039,-0.01085944,-0.003893338,-0.0031568417,11.0,9.285763,0.3521563,3.1338446,-0.09202796,0.015593071,-0.042025723,0.560285,-0.16217011,0.77112454,2016-12-08 23:45:59,NaN
9.203311,0.34476504,3.122039,-0.30898005,-0.013051045,-0.100305855,11.0,9.280881,0.35643277,3.1477933,-0.10076679,-0.0023037177,-0.028733537,0.5657803,-0.13928364,0.7811091,2016-12-08 23:46:00,NaN
9.184157,0.37349546,3.1316159,0.041400675,0.004638372,0.011141696,11.0,9.282493,0.35095558,3.1436524,-0.102378726,0.030414155,-0.010972385,0.5632033,-0.1500681,0.7767169,2016-12-08 23:46:01,NaN
9.232041,0.35434186,3.1411927,0.40241972,0.009915928,0.13572907,13.0,9.288366,0.35087213,3.1262624,-0.053771444,-0.023983791,0.006417375,0.562252,-0.15645352,0.77353406,2016-12-08 23:46:02,NaN
9.212888,0.34476504,3.1124623,-0.10177519,-9.178716E-4,-0.03183775,11.0,9.28098,0.35314006,3.147872,-0.087245375,-0.012631388,-0.04243265,0.55868745,-0.16544354,0.7699224,2016-12-08 23:46:03,NaN
9.193734,0.35434186,3.1124623,-0.033031702,0.009748042,-0.011188642,11.0,9.283903,0.35317087,3.1392365,-0.0901683,9.581743E-4,-0.006556621,0.5589506,-0.16588484,0.76951236,2016-12-08 23:46:04,NaN
9.212888,0.32561144,3.0933087,-0.047197383,-0.006015426,-0.013854193,11.0,9.2908945,0.34333003,3.1195822,-0.08354018,-0.03006204,-0.027763179,0.55962825,-0.16661872,0.768983,2016-12-08 23:46:05,NaN
9.203311,0.37349546,3.0933087,0.15656213,0.007884155,0.050110858,11.0,9.28435,0.35909402,3.1372383,-0.07699603,0.0086553665,-0.018178683,0.558532,-0.16759281,0.7684974,2016-12-08 23:46:06,NaN
9.212888,0.36391866,3.1028855,0.06883855,0.00911876,0.020575123,11.0,9.29202,0.3552613,3.1148925,-0.0982853,-0.0011322579,0.01778734,0.5600881,-0.16578932,0.76892364,2016-12-08 23:46:07,NaN
9.222465,0.35434186,3.1316159,-0.06723936,-0.0017756321,-0.023538351,11.0,9.2843895,0.3586556,3.1371715,-0.06341475,-0.0045265635,-0.0044914144,0.55924284,-0.16521557,0.7696214,2016-12-08 23:46:08,NaN
9.222465,0.35434186,3.1124623,-0.00944624,-5.3112116E-4,-0.002419483,11.0,9.285718,0.3529076,3.133896,-0.07836272,0.001221443,-0.014836568,0.55849487,-0.16822395,0.768297,2016-12-08 23:46:09,NaN
9.232041,0.35434186,3.074155,-0.035540156,-0.00848008,-0.011965899,11.0,9.286514,0.35855323,3.1308932,-0.05191926,-0.031664878,-0.06631523,0.5606961,-0.16121043,0.77131474,2016-12-08 23:46:10,NaN
9.203311,0.35434186,3.1124623,-0.010720871,0.0012924674,-0.0016129939,11.0,9.285803,0.35840464,3.133021,-0.07844751,-0.0042755827,-0.027581744,0.55945754,-0.16512917,0.7695706,2016-12-08 23:46:11,NaN
9.212888,0.34476504,3.0933087,-0.11293207,0.0036768632,-0.036051225,11.0,9.285664,0.35001844,3.1343794,-0.09192903,-0.03675045,-0.0016996338,0.5608414,-0.16015063,0.7721101,2016-12-08 23:46:12,NaN
9.203311,0.37349546,3.122039,-0.02082596,-1.2003724E-5,-0.009528925,11.0,9.283904,0.35258088,3.1393037,-0.07654878,0.0015481517,-0.02024389,0.55862427,-0.16697006,0.769023,2016-12-08 23:46:13,NaN
9.193734,0.34476504,3.1316159,0.32007802,0.02169959,0.107160285,11.0,9.284559,0.34993428,3.1376562,-0.0772047,-0.009425584,-0.004976282,0.5622262,-0.15467933,0.7746139,2016-12-08 23:46:14,NaN
9.212888,0.34476504,3.1028855,-0.058567032,-0.0067539685,-0.02026135,13.0,9.29229,0.3552607,3.1140845,-0.084935136,0.012488687,-0.03588601,0.5673046,-0.13925308,0.7802818,2016-12-08 23:46:15,NaN
9.212888,0.35434186,3.1316159,-0.23063062,-0.0036220702,-0.07775827,11.0,9.282266,0.35862914,3.143457,-0.08853059,-0.004500091,-0.010777233,0.56065196,-0.15936668,0.77244735,2016-12-08 23:46:16,NaN
9.212888,0.35434186,3.122039,-0.09274119,-0.0030755738,-0.031210806,11.0,9.282084,0.36085352,3.1437378,-0.08834937,-0.006724496,-0.05191905,0.5595042,-0.1633064,0.7705993,2016-12-08 23:46:17,NaN
9.232041,0.35434186,3.0933087,0.1564836,0.011775004,0.051012162,11.0,9.283529,0.3413637,3.1416442,-0.048933994,0.012765335,-0.049825583,0.5589133,-0.16564019,0.7700136,2016-12-08 23:46:18,NaN
9.193734,0.36391866,3.122039,0.00797985,-0.0026313073,9.6113974E-4,11.0,9.2868805,0.35218245,3.130527,-0.07952574,-0.011673759,-0.03870834,0.55794734,-0.17053533,0.7671415,2016-12-08 23:46:19,NaN
9.222465,0.35434186,3.1316159,-0.23236635,-0.0028556313,-0.080841,11.0,9.286813,0.3540274,3.1305254,-0.06583722,1.01654856E-4,-0.025086122,0.56079894,-0.16091055,0.77156544,2016-12-08 23:46:20,NaN
9.203311,0.35434186,3.122039,0.08092226,-1.6981128E-4,0.025531184,11.0,9.291465,0.3484041,3.1173198,-0.084109634,0.0057249116,-0.025500743,0.559945,-0.16589935,0.7691216,2016-12-08 23:46:21,NaN
9.203311,0.35434186,3.1028855,0.06074021,0.006917154,0.017090004,11.0,9.286223,0.35638812,3.132002,-0.07886816,-0.0022590864,-0.026562754,0.5579351,-0.17035489,0.7671412,2016-12-08 23:46:22,NaN
9.212888,0.37349546,3.122039,0.2837725,0.011953934,0.09652042,11.0,9.289099,0.35508108,3.12361,-0.08174453,-9.520433E-4,0.009069702,0.5616096,-0.15916944,0.7721529,2016-12-08 23:46:23,NaN
9.184157,0.35434186,3.122039,0.025003051,0.0041919444,0.0049847127,11.0,9.285651,0.36177507,3.1330822,-0.06467587,-0.021266414,-0.027642846,0.5593887,-0.1653528,0.76937366,2016-12-08 23:46:24,NaN
9.222465,0.36391866,3.1316159,-0.19951972,-0.0059789973,-0.068515494,11.0,9.285074,0.34952638,3.1361783,-0.050478585,-0.009017692,-0.030738888,0.56134605,-0.15808259,0.77309144,2016-12-08 23:46:25,NaN
9.193734,0.36391866,3.122039,0.07560729,0.0064500473,0.023665618,11.0,9.282817,0.3496879,3.1428378,-0.08908259,0.0044411453,-0.037398595,0.5607949,-0.15896253,0.77285606,2016-12-08 23:46:26,NaN
9.222465,0.35434186,3.1028855,0.06266626,1.0578824E-4,0.019091342,11.0,9.284195,0.35662562,3.1379828,-0.063220225,0.011123763,-0.046163823,0.55919343,-0.16525777,0.76967776,2016-12-08 23:46:27,NaN
9.212888,0.36391866,3.1028855,-0.06743953,-0.010888074,-0.021982351,11.0,9.288522,0.35405788,3.1254418,-0.08116677,0.013691504,-0.033622947,0.5581548,-0.17061628,0.766931,2016-12-08 23:46:28,NaN
9.212888,0.35434186,3.0933087,-0.08030527,-0.0077056466,-0.023932457,11.0,9.292782,0.3540841,3.112752,-0.07180693,4.4943237E-5,-0.020933054,0.5604917,-0.16475096,0.76938593,2016-12-08 23:46:29,NaN
9.203311,0.37349546,3.1124623,0.043952443,0.010263612,0.011508863,11.0,9.28459,0.35408354,3.137105,-0.07723462,4.5514775E-5,-0.018045465,0.55934894,-0.16486634,0.7699098,2016-12-08 23:46:30,NaN
9.222465,0.35434186,3.1124623,0.17810294,0.0046103024,0.06304172,11.0,9.28743,0.35373935,3.1287231,-0.080074415,3.8968126E-4,-0.023284027,0.5603032,-0.16291028,0.77062076,2016-12-08 23:46:31,NaN
9.212888,0.35434186,3.1124623,-0.016152058,-0.0035082682,-0.0035924197,11.0,9.287302,0.3512683,3.129381,-0.07994722,-0.024379939,-0.03756195,0.55894023,-0.16742715,0.76861274,2016-12-08 23:46:32,NaN
9.212888,0.35434186,3.1028855,-0.009592058,0.005578722,-0.004463345,11.0,9.289582,0.35437864,3.1222537,-0.08222753,-2.4960385E-4,-0.04405539,0.5598097,-0.16559772,0.7692113,2016-12-08 23:46:33,NaN
9.174581,0.38307226,3.1316159,0.0049102674,0.010483355,-0.0030066168,11.0,9.284287,0.3611137,3.1371944,-0.0905532,-0.006984647,-0.031755175,0.5588961,-0.16638108,0.76900876,2016-12-08 23:46:34,NaN
9.184157,0.39264908,3.1028855,-0.021781333,0.007302452,-0.013693204,11.0,9.284578,0.35005742,3.1375859,-0.07722381,0.017691972,-0.03214652,0.55871224,-0.16693783,0.7690689,2016-12-08 23:46:35,NaN
9.203311,0.35434186,3.1124623,-0.23527063,-0.007193056,-0.07862996,11.0,9.289055,0.3518179,3.1241095,-0.08170047,0.0023111475,-0.01867041,0.5618,-0.15841566,0.7725891,2016-12-08 23:46:36,NaN
9.232041,0.35434186,3.1028855,0.00937615,0.002726787,1.4097204E-4,11.0,9.2865305,0.3603348,3.1306403,-0.079175755,-0.0062058037,-0.038821608,0.5597169,-0.1646173,0.76969767,2016-12-08 23:46:37,NaN
9.222465,0.36391866,3.074155,-0.050664373,-0.006295126,-0.0151881585,11.0,9.290168,0.3612242,3.1197276,-0.06919243,-0.007095161,-0.041529007,0.56035465,-0.16413666,0.7696362,2016-12-08 23:46:38,NaN
9.222465,0.35434186,3.1124623,-0.11976916,-0.0040146634,-0.04162572,11.0,9.283668,0.3560289,3.139613,-0.06269234,-0.001899904,-0.03417349,0.5598977,-0.1626004,0.770959,2016-12-08 23:46:39,NaN
9.203311,0.36391866,3.1028855,-0.17033878,-0.007784848,-0.056206293,11.0,9.294102,0.35596666,3.1085935,-0.073126234,-0.0018376329,-0.016774584,0.56151706,-0.16187778,0.7705478,2016-12-08 23:46:40,NaN
9.222465,0.34476504,3.074155,0.2993074,0.0044349898,0.09899669,11.0,9.281203,0.35816607,3.146645,-0.046607956,0.009583302,-0.08206688,0.55961555,-0.16246928,0.7711277,2016-12-08 23:46:41,NaN
9.222465,0.36391866,3.0933087,0.059373416,0.009408377,0.014177068,11.0,9.287381,0.3560245,3.128609,-0.06640584,-0.0018954617,-0.03678986,0.5590132,-0.16730103,0.76851934,2016-12-08 23:46:42,NaN
9.193734,0.36391866,3.1316159,0.0,0.0,-0.0,11.0,9.280257,0.35619432,3.1496558,-0.08652295,-0.0020652846,-0.016975762,0.5591074,-0.16374105,0.7706687,2016-12-08 23:46:43,NaN
9.203311,0.35434186,3.1316159,-0.09090436,-0.0051803226,-0.030988298,11.0,9.28034,0.35058597,3.1500406,-0.072985746,0.00354306,-0.017360665,0.55950415,-0.16232,0.77148604,2016-12-08 23:46:44,NaN
9.203311,0.35434186,3.1028855,-0.17604676,-0.0137200635,-0.050796874,11.0,9.284978,0.3461223,3.1368423,-0.077622846,-0.019233966,-0.017782766,0.5622294,-0.15480205,0.77464104,2016-12-08 23:46:45,NaN
9.203311,0.33518824,3.122039,0.38900447,0.007997388,0.13665937,11.0,9.279861,0.34646922,3.1519067,-0.072506905,-0.019580886,-0.060087815,0.5598731,-0.1607468,0.7723591,2016-12-08 23:46:46,NaN
9.184157,0.35434186,3.1028855,0.003716069,-0.0058698314,0.004823017,11.0,9.282979,0.3380781,3.1436293,-0.10286421,0.016050918,-0.02456987,0.5592847,-0.16407369,0.7708752,2016-12-08 23:46:47,NaN
9.184157,0.35434186,3.1316159,-0.046895355,0.009340558,-0.01897452,11.0,9.2884655,0.3344187,3.1277745,-0.10835176,0.019710312,0.0049056197,0.559715,-0.165067,0.77014315,2016-12-08 23:46:48,NaN
9.212888,0.33518824,3.122039,0.12669978,0.0058716163,0.040928494,11.0,9.278268,0.3450733,3.1567497,-0.07091326,0.009055725,-0.010449693,0.5664635,-0.13479534,0.7833628,2016-12-08 23:46:49,NaN
9.203311,0.35434186,3.1124623,-0.057924572,-0.00387817,-0.018682787,11.0,9.275497,0.3480827,3.1645525,-0.08176282,-0.0075740013,-0.07273365,0.5585583,-0.16329539,0.77145284,2016-12-08 23:46:50,NaN
9.165004,0.34476504,3.1316159,-0.030049901,-0.0036461619,-0.006114245,11.0,9.282758,0.33889493,3.1441932,-0.116263434,0.001613748,-0.011513367,0.5600019,-0.16151974,0.77203107,2016-12-08 23:46:51,NaN
9.203311,0.33518824,3.0933087,-0.060665566,-0.0070610177,-0.019252183,11.0,9.2854595,0.3375753,3.1363475,-0.078104176,-0.01068693,-0.017287923,0.5594671,-0.16458237,0.7704823,2016-12-08 23:46:52,NaN
9.193734,0.34476504,3.1124623,-0.1240151,-9.568544E-4,-0.0387248,11.0,9.290128,0.33047974,3.1232526,-0.08277287,0.010028967,-0.031433873,0.560673,-0.1624941,0.7713175,2016-12-08 23:46:53,NaN
9.184157,0.34476504,3.1603463,0.058838632,0.014450301,0.0138419075,11.0,9.280664,0.34598735,3.149598,-0.10055065,0.008141688,-0.016917778,0.56459206,-0.14370452,0.77963465,2016-12-08 23:46:54,NaN
9.203311,0.35434186,3.1124623,-0.035192695,-0.012852477,-0.013917421,11.0,9.279085,0.347747,3.1540513,-0.07173045,-0.020858651,-0.04861227,0.558647,-0.1646258,0.7705988,2016-12-08 23:46:55,NaN
9.184157,0.36391866,3.122039,0.0063627367,-0.0018224331,0.0052649695,11.0,9.281474,0.34665683,3.1471379,-0.07411883,-0.0061481576,-0.014457903,0.5583184,-0.16679731,0.76945496,2016-12-08 23:46:56,NaN
9.193734,0.35434186,3.1316159,-0.009561508,0.01049088,-0.0060776332,11.0,9.280798,0.3533623,3.1483788,-0.08706415,7.6673686E-4,-0.015699062,0.5577516,-0.1684949,0.7684939,2016-12-08 23:46:57,NaN
9.222465,0.38307226,3.1316159,0.25961834,0.0076296707,0.07853855,11.0,9.287226,0.3340745,3.1314929,-0.06625039,0.020054556,0.001187125,0.5614104,-0.1586085,0.7731589,2016-12-08 23:46:58,NaN
9.222465,0.36391866,3.1124623,-0.12609291,-0.0044424813,-0.03792048,11.0,9.289627,0.36725122,3.120632,-0.06865207,-0.013122179,-0.028813137,0.5606888,-0.1628502,0.7700821,2016-12-08 23:46:59,NaN
9.232041,0.35434186,3.083732,0.0457886,-0.011590489,0.019178974,11.0,9.29389,0.36411136,3.108283,-0.059294734,-0.009982334,-0.030084642,0.56255823,-0.15827195,0.7719381,2016-12-08 23:47:00,NaN
9.203311,0.35434186,3.0933087,-0.07359329,9.87356E-4,-0.027097672,11.0,9.288944,0.35981914,3.123529,-0.095210254,-0.0056901257,0.009150756,0.5594233,-0.16670321,0.76857334,2016-12-08 23:47:01,NaN
9.203311,0.38307226,3.1316159,0.010070169,0.0064174957,-6.7722984E-4,11.0,9.289939,0.3599927,3.1205509,-0.082584165,-0.00586369,-0.015111527,0.56129885,-0.16074768,0.7712365,2016-12-08 23:47:02,NaN
9.241618,0.34476504,3.0933087,-0.030801533,0.004274542,-0.009057419,11.0,9.286819,0.36146086,3.1296556,-0.06584387,-0.007331853,-0.0378367,0.5595275,-0.16541164,0.7692743,2016-12-08 23:47:03,NaN
9.222465,0.35434186,3.1028855,0.0141179785,0.005200182,0.0034726702,11.0,9.289515,0.35646662,3.1222208,-0.06853901,-0.002337594,-0.030401997,0.56018573,-0.16432574,0.7697406,2016-12-08 23:47:04,NaN
9.212888,0.36391866,3.122039,0.18570487,0.0072227838,0.06164787,11.0,9.285303,0.35372272,3.135029,-0.07794873,4.063077E-4,-0.015969658,0.55985904,-0.16344987,0.77052414,2016-12-08 23:47:05,NaN
9.193734,0.37349546,3.122039,0.11298687,0.009589089,0.039276853,11.0,9.294698,0.3543731,3.1069925,-0.10096299,0.013376304,0.012067026,0.5596689,-0.16839895,0.7675432,2016-12-08 23:47:06,NaN
9.232041,0.37349546,3.1028855,0.03355917,-0.0015281083,0.010546353,11.0,9.286348,0.36282036,3.1308908,-0.051752996,0.0185494,-0.03907204,0.5599259,-0.16386545,0.7699819,2016-12-08 23:47:07,NaN
9.212888,0.37349546,3.1124623,-0.07394106,0.004261047,-0.02715361,11.0,9.290185,0.36927494,3.1187317,-0.082830235,-0.015145898,-0.0132926,0.55930614,-0.16782609,0.7676654,2016-12-08 23:47:08,NaN
9.212888,0.36391866,3.1124623,-0.06547175,-0.006613421,-0.022574969,11.0,9.28389,0.36041027,3.138454,-0.049294785,0.0073391274,-0.01939428,0.5593221,-0.1647488,0.7698195,2016-12-08 23:47:09,NaN
9.222465,0.35434186,3.0933087,-0.17513046,-0.013564756,-0.0571313,11.0,9.287943,0.3581749,3.1266968,-0.066967815,-0.0040458525,-0.021257477,0.5607942,-0.16153222,0.7710784,2016-12-08 23:47:10,NaN
9.193734,0.36391866,3.1316159,-0.12317926,-0.002797305,-0.041797247,11.0,9.293165,0.36361206,3.1105099,-0.072190166,-0.00948305,0.008549711,0.56062734,-0.16463636,0.7691204,2016-12-08 23:47:11,NaN
9.222465,0.34476504,3.1028855,0.24377821,0.012483513,0.0827251,11.0,9.290533,0.35850236,3.1189559,-0.06955738,-0.017993689,-0.027136989,0.56177926,-0.15931594,0.7718823,2016-12-08 23:47:12,NaN
9.222465,0.34476504,3.083732,0.023191558,-0.0054311277,0.0072486685,11.0,9.290327,0.3540417,3.1200745,-0.069352046,-0.013533006,-0.02825553,0.56011605,-0.16489527,0.76949424,2016-12-08 23:47:13,NaN
9.212888,0.37349546,3.1124623,-0.043294873,-0.0054654432,-0.013920119,11.0,9.2856045,0.36644888,3.1326761,-0.09187001,-0.012319878,-0.027236955,0.55899656,-0.16673595,0.7685856,2016-12-08 23:47:14,NaN
9.232041,0.39264908,3.074155,0.035632387,-0.0100403,0.01338838,11.0,9.2925825,0.3640759,3.1121938,-0.057987064,0.0036734992,-0.020374823,0.5600759,-0.16624486,0.7684007,2016-12-08 23:47:15,NaN
9.212888,0.37349546,3.0933087,-0.19374476,-0.010339224,-0.0675103,11.0,9.289963,0.35831904,3.1206722,-0.09622778,0.009430339,0.012007586,0.5644649,-0.14922898,0.7763094,2016-12-08 23:47:16,NaN
9.212888,0.37349546,3.0933087,0.18492538,0.0069981073,0.06544701,11.0,9.289153,0.36729804,3.1220384,-0.08179856,4.513548E-4,-0.016599175,0.5615901,-0.15948951,0.77164036,2016-12-08 23:47:17,NaN
9.212888,0.36391866,3.122039,0.015115803,0.008795015,0.005286431,11.0,9.291031,0.3616617,3.1171045,-0.07005534,0.0060876785,-0.025285639,0.56010723,-0.1653835,0.7689852,2016-12-08 23:47:18,NaN
9.222465,0.37349546,3.1028855,-0.05424842,-0.0029488537,-0.015595882,11.0,9.295512,0.36043772,3.1038601,-0.060916636,-0.00630868,-0.012041255,0.5603001,-0.16676617,0.76806337,2016-12-08 23:47:19,NaN
9.232041,0.36391866,3.074155,-0.058032446,-0.0026497322,-0.020974368,11.0,9.29316,0.36375725,3.1105044,-0.058564834,-0.0096281925,-0.04592648,0.5607074,-0.16436408,0.76924187,2016-12-08 23:47:20,NaN
9.232041,0.37349546,3.083732,-0.021111427,4.95083E-4,-0.005558761,11.0,9.296446,0.35786268,3.1013584,-0.06185021,-0.0037336403,-0.009539397,0.5597968,-0.16882634,0.76711106,2016-12-08 23:47:21,NaN
9.212888,0.36391866,3.1124623,0.052196253,0.015210306,0.014668806,11.0,9.290231,0.36031887,3.1196418,-0.06925561,0.02105084,-0.027823035,0.5591962,-0.16805387,0.76783353,2016-12-08 23:47:22,NaN
9.232041,0.37349546,3.0933087,-0.014266043,0.0046263253,-0.0061104475,11.0,9.290343,0.3660455,3.1186397,-0.082989015,-0.011916453,-0.013200531,0.5605373,-0.16368155,0.7696861,2016-12-08 23:47:23,NaN
9.241618,0.38307226,3.074155,0.0030009525,-0.01039513,-0.0014645285,11.0,9.292233,0.3595729,3.113761,-0.07125826,-0.0054438473,-0.049182765,0.5590821,-0.16932106,0.7671183,2016-12-08 23:47:24,NaN
9.241618,0.37349546,3.064578,-0.012211352,0.004911937,-0.0064290385,11.0,9.29212,0.3641006,3.1135721,-0.057524018,0.017269142,-0.048994053,0.559398,-0.16830279,0.76746666,2016-12-08 23:47:25,NaN
9.212888,0.37349546,3.1028855,0.051804364,0.0023349377,0.01904262,11.0,9.290044,0.364124,3.11976,-0.08268891,0.0036253608,-0.02794129,0.5586356,-0.1698904,0.7668569,2016-12-08 23:47:26,NaN
9.222465,0.38307226,3.083732,0.0066060047,0.001855896,-7.7464856E-4,11.0,9.286038,0.3553656,3.132664,-0.06506327,-0.0012365626,-0.04084525,0.55933213,-0.1656084,0.7694245,2016-12-08 23:47:27,NaN
9.232041,0.35434186,3.1028855,-0.040251687,-0.0027697296,-0.009420515,11.0,9.295106,0.3589673,3.1052442,-0.06051012,-0.0048382566,-0.013425403,0.5602034,-0.1668795,0.76808435,2016-12-08 23:47:28,NaN
9.222465,0.35434186,3.0933087,-0.023507645,-0.0072782366,-0.007873397,11.0,9.288626,0.3610083,3.1243382,-0.067650326,-0.0068792515,-0.03251937,0.5597129,-0.16560365,0.76907206,2016-12-08 23:47:29,NaN
9.232041,0.36391866,3.0933087,-0.013952,-4.2732423E-5,-0.0066150227,11.0,9.287223,0.35701078,3.128967,-0.05262755,-0.016502094,-0.03714795,0.55943894,-0.16581677,0.7691942,2016-12-08 23:47:30,NaN
9.232041,0.36391866,3.0933087,0.18937832,0.012290632,0.06088219,11.0,9.288496,0.3634718,3.1244411,-0.053900294,-0.0093427645,-0.032622244,0.5626052,-0.15547734,0.7735831,2016-12-08 23:47:31,NaN
9.222465,0.33518824,3.083732,-0.036640767,-0.005358793,-0.016547758,11.0,9.291401,0.3579669,3.11643,-0.05680493,0.00978248,-0.03823137,0.56786907,-0.13649549,0.78135514,2016-12-08 23:47:32,NaN
9.222465,0.35434186,3.1028855,-0.22390474,-0.019205822,-0.07306184,11.0,9.291453,0.35797814,3.1162689,-0.0568573,0.023391604,-0.024449952,0.56158084,-0.16044144,0.7713264,2016-12-08 23:47:33,NaN
9.203311,0.37349546,3.122039,-0.1820278,-6.382693E-4,-0.063904345,11.0,9.290751,0.35363746,3.1188555,-0.083397195,4.915699E-4,2.0408908E-4,0.5621347,-0.15807354,0.77256453,2016-12-08 23:47:34,NaN
9.232041,0.35434186,3.1028855,0.03850687,-0.0020009098,0.016658857,11.0,9.292004,0.36008403,3.1143832,-0.057408467,-0.0059549795,-0.03618466,0.5585946,-0.17083003,0.7663994,2016-12-08 23:47:35,NaN
9.222465,0.36391866,3.074155,0.23242347,0.0014297565,0.07861928,11.0,9.290037,0.35951373,3.1203132,-0.055441566,-0.019005042,-0.05573502,0.5649476,-0.14745359,0.7770131,2016-12-08 23:47:36,NaN
9.212888,0.36391866,3.1028855,-0.384167,-0.0072898907,-0.13519311,11.0,9.290655,0.36230147,3.1181462,-0.08330076,0.0054479,-0.053567976,0.5651653,-0.14699322,0.7770796,2016-12-08 23:47:37,NaN
9.212888,0.38307226,3.1028855,-0.06873921,-0.009182367,-0.02355945,11.0,9.287398,0.3717098,3.1267338,-0.08004365,0.0096599385,-0.034914818,0.5585902,-0.1689908,0.76723033,2016-12-08 23:47:38,NaN
9.222465,0.37349546,3.083732,0.030524053,-0.0024268453,0.010556296,11.0,9.29667,0.361168,3.1003027,-0.07569419,0.0065813786,-0.022104176,0.56078774,-0.16566733,0.76846963,2016-12-08 23:47:39,NaN
9.232041,0.35434186,3.1124623,0.15003115,0.005884318,0.050143246,11.0,9.295642,0.3555268,3.1040359,-0.07466667,-0.0013977867,-0.012216872,0.561442,-0.16285297,0.77000785,2016-12-08 23:47:40,NaN
9.241618,0.36391866,3.083732,0.039497904,-0.0071657877,0.014979745,11.0,9.288082,0.36683804,3.125276,-0.0534863,9.113346E-4,-0.060698,0.5610969,-0.16070358,0.77118284,2016-12-08 23:47:41,NaN
9.232041,0.36391866,3.0933087,-0.0066205338,-0.009299144,-0.0035701026,11.0,9.287051,0.36187956,3.1289167,-0.079696156,-0.0077505265,-0.037097864,0.55932593,-0.16620526,0.76887494,2016-12-08 23:47:42,NaN
9.251195,0.34476504,3.1028855,0.033941336,0.003717098,0.01102861,11.0,9.28619,0.35910195,3.1317904,-0.0379747,-0.0049729045,-0.053592082,0.56045073,-0.16192022,0.77099824,2016-12-08 23:47:43,NaN
9.203311,0.34476504,3.1124623,-0.02814965,0.0030645581,-0.012324,11.0,9.287033,0.35550228,3.1297019,-0.079677865,-0.014993584,-0.024262492,0.55913293,-0.16673313,0.7688261,2016-12-08 23:47:44,NaN
9.212888,0.37349546,3.1124623,0.03097797,0.0066463966,0.011857538,11.0,9.291853,0.35430652,3.1154969,-0.070877515,0.013442861,-0.010057517,0.5591749,-0.16875187,0.7675779,2016-12-08 23:47:45,NaN
9.222465,0.36391866,3.1028855,0.093209594,0.006157152,0.027626012,11.0,9.2889805,0.36247975,3.123116,-0.0680053,-0.008350713,-0.03129733,0.5603671,-0.16356663,0.7699444,2016-12-08 23:47:46,NaN
9.212888,0.36391866,3.1124623,-0.053572174,0.0066794343,-0.022244165,11.0,9.289315,0.36095953,3.1222925,-0.08196067,0.0067898585,-0.016853143,0.5592777,-0.16737919,0.768195,2016-12-08 23:47:47,NaN
9.222465,0.35434186,3.122039,0.083338305,0.018628702,0.02399092,11.0,9.29263,0.36206016,3.1122894,-0.08527514,-0.007931131,0.0067702704,0.5590159,-0.16976042,0.7668043,2016-12-08 23:47:48,NaN
9.212888,0.37349546,3.1603463,0.02234705,0.008515773,0.0069267373,11.0,9.292918,0.36182734,3.111455,-0.08556279,-0.0076983096,0.0076047075,0.55905885,-0.16974445,0.76679903,2016-12-08 23:47:49,NaN
9.212888,0.38307226,3.1124623,0.0048501813,0.0014226155,-0.004704851,11.0,9.288148,0.3650332,3.1252942,-0.10803336,0.01633653,-0.0062346924,0.5600605,-0.164276,0.7695979,2016-12-08 23:47:50,NaN
9.212888,0.36391866,3.1124623,-0.017111111,-0.0077398014,-0.0053642467,11.0,9.28537,0.36762217,3.1332324,-0.064394884,-0.01349313,-0.027793108,0.55843765,-0.16851413,0.76772517,2016-12-08 23:47:51,NaN
9.212888,0.37349546,3.0933087,-0.11750078,-0.016113816,-0.040274806,11.0,9.28625,0.35969254,3.1315427,-0.0516549,0.008056816,-0.039723795,0.5604935,-0.16181079,0.771026,2016-12-08 23:47:52,NaN
9.232041,0.36391866,3.1124623,0.07855665,0.0030244351,0.026195405,13.0,9.290078,0.36955693,3.1190207,-0.055482298,-0.015427923,3.907204E-5,0.5620809,-0.15823793,0.77206683,2016-12-08 23:47:53,NaN
9.212888,0.35434186,3.122039,0.16428351,0.0140983015,0.058122344,13.0,9.291931,0.36303952,3.1142592,-0.08457601,0.004709844,0.0048004575,0.5661247,-0.14394349,0.7782174,2016-12-08 23:47:54,NaN
9.212888,0.34476504,3.083732,-0.110183194,-0.013975552,-0.03801447,11.0,9.28955,0.36050755,3.1216497,-0.08219511,-0.006378511,-0.02983088,0.5622345,-0.157266,0.7728061,2016-12-08 23:47:55,NaN
9.193734,0.36391866,3.1124623,0.037961606,0.0075793266,0.016302476,11.0,9.287088,0.3670653,3.1282,-0.09335392,-0.012936249,0.004479984,0.55974686,-0.16489281,0.7693241,2016-12-08 23:47:56,NaN
9.193734,0.38307226,3.1124623,0.024789693,0.0072017247,0.0010856105,11.0,9.293211,0.36111078,3.1106646,-0.085856244,0.020258958,-0.005225262,0.5598742,-0.16715607,0.76802236,2016-12-08 23:47:57,NaN
9.222465,0.37349546,3.0933087,0.0,0.0,0.0,11.0,9.287129,0.36614862,3.1281877,-0.07977513,0.015221081,-0.036368795,0.55997765,-0.16410933,0.7697125,2016-12-08 23:47:58,NaN
9.193734,0.36391866,3.1316159,-0.060853522,0.004110871,-0.021267083,11.0,9.289868,0.36946106,3.1196516,-0.082513504,-0.015332035,0.013028448,0.55969244,-0.16639198,0.76835585,2016-12-08 23:47:59,NaN
9.212888,0.38307226,3.1124623,-0.095392555,-0.0079938285,-0.03151316,11.0,9.289072,0.3614688,3.1229584,-0.081717096,-0.0073397504,-0.03113938,0.5607765,-0.16218282,0.7706022,2016-12-08 23:48:00,NaN
9.203311,0.38307226,3.122039,-0.26599738,-0.013158018,-0.09073298,13.0,9.287242,0.3597843,3.1285908,-0.10712806,0.021585433,0.0040890556,0.56474876,-0.14678253,0.7774936,2016-12-08 23:48:01,NaN
9.241618,0.36391866,3.1028855,0.37041122,0.011510066,0.12765484,11.0,9.294165,0.35479355,3.1085384,-0.073189415,-6.645105E-4,-0.030339856,0.5620888,-0.15989007,0.7714738,2016-12-08 23:48:02,NaN
9.193734,0.39264908,3.074155,-0.06342036,-0.0055004284,-0.020733735,11.0,9.288214,0.36740023,3.1248233,-0.108099036,0.027589824,-0.046624795,0.5594451,-0.16643171,0.7685171,2016-12-08 23:48:03,NaN
9.222465,0.34476504,3.0933087,0.19767515,0.0071441913,0.068530545,11.0,9.285732,0.3619958,3.132814,-0.07837769,-0.00786673,-0.027374538,0.5603923,-0.16196093,0.7709245,2016-12-08 23:48:04,NaN
9.203311,0.33518824,3.1028855,0.04753933,-0.0028878497,0.017509956,11.0,9.280723,0.34360588,3.149682,-0.073368154,0.010523135,-0.030622296,0.55829585,-0.16648304,0.76974756,2016-12-08 23:48:05,NaN
9.212888,0.32561144,3.0933087,-0.039868098,-0.0037987335,-0.012665102,11.0,9.2882395,0.3397728,3.1278665,-0.08088494,-0.026504794,-0.036047906,0.5591737,-0.16687709,0.7691579,2016-12-08 23:48:06,NaN
9.193734,0.36391866,3.1411927,-0.14582995,-0.0072292625,-0.048053205,11.0,9.281109,0.34260377,3.1486566,-0.08737423,-0.0020950823,-0.02959707,0.5604374,-0.15928943,0.77304167,2016-12-08 23:48:07,NaN
9.203311,0.34476504,3.1028855,0.05672299,-0.0031025012,0.02218601,11.0,9.2895355,0.3324777,3.124803,-0.08218014,0.008031019,-0.032984287,0.5591168,-0.1675346,0.7689839,2016-12-08 23:48:08,NaN
9.222465,0.34476504,3.0933087,-0.03294096,-0.0017941905,-0.014932423,11.0,9.291779,0.34187734,3.1171095,-0.05718318,-0.0013686646,-0.025290627,0.5629783,-0.15532888,0.7740391,2016-12-08 23:48:09,NaN
9.193734,0.34476504,3.1316159,-0.46474198,-0.018055217,-0.15349972,11.0,9.2810955,0.34115222,3.1488519,-0.087360926,-6.4354565E-4,-0.016172085,0.5630371,-0.14980824,0.7772079,2016-12-08 23:48:10,NaN
9.203311,0.33518824,3.1124623,-0.01810715,-0.0037212244,-0.0039889403,11.0,9.281667,0.34828737,3.1463861,-0.08793288,-0.0077786874,-0.054567225,0.55826974,-0.16707467,0.76926124,2016-12-08 23:48:11,NaN
9.193734,0.32561144,3.1316159,0.20759413,0.0020149068,0.0699729,11.0,9.282578,0.34116176,3.144476,-0.088844,0.012967267,-0.03903692,0.55974346,-0.16236845,0.7715904,2016-12-08 23:48:12,NaN
9.203311,0.31603462,3.0933087,-0.2031212,-0.007850046,-0.06422194,11.0,9.291932,0.34442016,3.1163692,-0.08457684,-0.017531812,-0.024550544,0.56284773,-0.15592243,0.7736955,2016-12-08 23:48:13,NaN
9.222465,0.33518824,3.1028855,-0.24570972,-0.018331012,-0.080206856,11.0,9.280668,0.34073707,3.1501567,-0.059692934,-0.013848753,-0.058337677,0.56313425,-0.14921966,0.777499,2016-12-08 23:48:14,NaN
9.193734,0.33518824,3.122039,0.050714828,-0.0064161895,0.014967536,11.0,9.277845,0.33236042,3.1593523,-0.07049096,-0.0054720864,-0.053912975,0.55854386,-0.16415459,0.77136976,2016-12-08 23:48:15,NaN
9.203311,0.35434186,3.122039,0.22869265,0.00348112,0.081555836,11.0,9.28562,0.34311628,3.1352708,-0.0918858,-0.002607617,0.011029331,0.5635809,-0.15007418,0.7767067,2016-12-08 23:48:16,NaN
9.193734,0.35434186,3.1316159,-0.29287922,-0.0024431853,-0.102918975,11.0,9.287254,0.33334267,3.1314807,-0.09352017,0.020786352,-0.026041515,0.5654974,-0.14335826,0.77962536,2016-12-08 23:48:17,NaN
9.193734,0.36391866,3.1028855,-0.0026904105,0.008845557,-0.0031440817,11.0,9.288505,0.34150657,3.126889,-0.09477048,-9.978957E-4,-0.00782958,0.5588553,-0.16808857,0.7685196,2016-12-08 23:48:18,NaN
9.203311,0.33518824,3.1124623,-0.08872854,-0.008412873,-0.03081473,11.0,9.2823925,0.340134,3.1451352,-0.07503744,-0.013245655,-0.012455253,0.5591252,-0.16438273,0.77071184,2016-12-08 23:48:19,NaN
9.193734,0.34476504,3.122039,0.031759817,-0.007580315,0.016401183,11.0,9.288247,0.3449459,3.1272745,-0.08089243,-0.0044372226,-0.0354558,0.5605837,-0.16217022,0.77116513,2016-12-08 23:48:20,NaN
9.203311,0.34476504,3.122039,-0.16951989,9.43826E-4,-0.056876246,11.0,9.28883,0.33442894,3.1266904,-0.08147518,0.019700103,0.019610008,0.56160414,-0.15869461,0.77299464,2016-12-08 23:48:21,NaN
9.222465,0.35434186,3.1124623,0.0033765505,0.0056076352,0.0021993301,11.0,9.281117,0.3477518,3.148064,-0.07376303,-0.020863457,-0.042624477,0.55890715,-0.1646704,0.77043647,2016-12-08 23:48:22,NaN
9.212888,0.35434186,3.0933087,-0.014431269,-0.0024174878,-0.006939358,11.0,9.293829,0.35289806,3.109758,-0.07285439,0.0012309771,-0.017939055,0.5595826,-0.16826719,0.76771176,2016-12-08 23:48:23,NaN
9.222465,0.36391866,3.1124623,0.06505144,6.2220375E-4,0.024166077,11.0,9.284836,0.3495459,3.1368845,-0.06386034,0.004583145,-0.03144551,0.5605592,-0.16073829,0.77191836,2016-12-08 23:48:24,NaN
9.193734,0.34476504,3.122039,-0.026082916,0.0020856503,-0.011222989,11.0,9.290075,0.34321678,3.1220348,-0.0827205,-0.002708103,-0.0029752944,0.55959505,-0.1663548,0.7691668,2016-12-08 23:48:25,NaN
9.203311,0.36391866,3.122039,-0.16677754,-0.01015704,-0.05881155,11.0,9.294278,0.34656435,3.1091285,-0.073303305,0.0075646746,-0.017309746,0.5609528,-0.16373917,0.76997215,2016-12-08 23:48:26,NaN
9.212888,0.34476504,3.1124623,0.024031572,0.009409198,0.0070147403,11.0,9.288057,0.34940526,3.1273468,-0.080702886,-0.008896579,-0.008287222,0.55909765,-0.16721112,0.76871884,2016-12-08 23:48:27,NaN
9.222465,0.35434186,3.083732,0.0021569647,-0.0042533353,0.004994033,11.0,9.289154,0.3367429,3.1254778,-0.06817905,-0.009854572,-0.047279246,0.55943257,-0.1663737,0.76942044,2016-12-08 23:48:28,NaN
9.222465,0.35434186,3.122039,-0.054782726,-0.0018996522,-0.020115672,11.0,9.281915,0.34536898,3.1459782,-0.07455943,0.008760061,-0.040538907,0.55969816,-0.16228919,0.7715468,2016-12-08 23:48:29,NaN
9.212888,0.33518824,3.122039,0.08015139,0.009036687,0.025894647,11.0,9.283889,0.35120854,3.1395009,-0.09015416,-0.024320189,-0.020441536,0.5636219,-0.14919937,0.7769741,2016-12-08 23:48:30,NaN
9.203311,0.34476504,3.083732,-0.011323782,-0.0062062456,3.8407076E-4,11.0,9.289548,0.34412602,3.1235013,-0.08219344,-0.030858029,-0.03168223,0.5598082,-0.16541024,0.7696137,2016-12-08 23:48:31,NaN
9.212888,0.36391866,3.122039,0.341362,0.0061897915,0.11713128,11.0,9.281114,0.351488,3.14766,-0.08737922,-0.010979322,-0.028600318,0.56247985,-0.15208676,0.77594084,2016-12-08 23:48:32,NaN
9.203311,0.34476504,3.1124623,0.1536123,0.0013674662,0.051031012,11.0,9.282916,0.35374895,3.1420884,-0.04832048,-0.013240278,-0.050269507,0.56159556,-0.15623228,0.7739409,2016-12-08 23:48:33,NaN
9.193734,0.36391866,3.1124623,-0.013750472,-0.0026945933,-0.008119369,11.0,9.283319,0.35330635,3.1409495,-0.08958471,8.226691E-4,-0.021889905,0.5581467,-0.16831054,0.7684096,2016-12-08 23:48:34,NaN
9.203311,0.35434186,3.1124623,-0.027699137,-0.0015619788,-0.011675167,11.0,9.286204,0.35396668,3.13233,-0.078849874,1.6234122E-4,-0.01327057,0.5577882,-0.17078637,0.7670118,2016-12-08 23:48:35,NaN
9.232041,0.35434186,3.1028855,-0.026403157,-0.0020893821,-0.007838857,11.0,9.291826,0.34868544,3.1162124,-0.07085174,-0.00817676,-0.024393423,0.5610063,-0.16244808,0.7706715,2016-12-08 23:48:36,NaN
9.232041,0.35434186,3.0933087,-0.26430497,-0.011803467,-0.08725732,11.0,9.285607,0.3471591,3.134866,-0.07825216,-0.020270752,-0.043047,0.56119007,-0.15884581,0.7727837,2016-12-08 23:48:37,NaN
9.212888,0.35434186,3.1028855,-0.031468127,-0.0026735053,-0.011098551,11.0,9.28499,0.34966376,3.1364105,-0.077636145,0.004465254,-0.03097145,0.5647236,-0.1455159,0.77846843,2016-12-08 23:48:38,NaN
9.203311,0.33518824,3.122039,0.074701376,-0.004435456,0.026798457,11.0,9.286373,0.33855113,3.1335394,-0.079017796,-0.011662797,-0.041720625,0.558593,-0.16795196,0.768823,2016-12-08 23:48:39,NaN
9.222465,0.34476504,3.0933087,-0.05355925,-0.013965168,-0.014238129,11.0,9.286893,0.34825242,3.1309292,-0.07953821,0.0058766273,-0.03911049,0.5584789,-0.16872567,0.76812303,2016-12-08 23:48:40,NaN
9.193734,0.35434186,3.1124623,-0.116488725,-0.011553994,-0.0437436,11.0,9.284411,0.34427753,3.1387203,-0.07705671,-0.0037688415,-0.060521968,0.559905,-0.16271508,0.7712092,2016-12-08 23:48:41,NaN
9.222465,0.35434186,3.0933087,0.01380579,-0.0024832506,0.009451771,11.0,9.287022,0.3444824,3.1309679,-0.06604588,-0.017594056,-0.011908243,0.56036586,-0.16234265,0.77118784,2016-12-08 23:48:42,NaN
9.203311,0.35434186,3.1316159,0.34436202,0.013655738,0.11419545,11.0,9.28363,0.349037,3.140504,-0.076275274,0.005092043,-0.035064872,0.5610858,-0.15830842,0.7731091,2016-12-08 23:48:43,NaN
9.203311,0.33518824,3.0933087,0.012973918,-0.0013384428,0.004541025,11.0,9.284407,0.35098526,3.1379924,-0.07705173,-0.024096902,-0.046173595,0.5587451,-0.166766,0.7691328,2016-12-08 23:48:44,NaN
9.203311,0.35434186,3.1124623,-0.03735857,-7.19652E-4,-0.014185406,11.0,9.292127,0.3575639,3.1143098,-0.084771365,-0.0034348846,0.0047499547,0.5594012,-0.16818042,0.76772726,2016-12-08 23:48:45,NaN
9.212888,0.34476504,3.083732,0.009810582,-0.004650363,0.007001404,11.0,9.283601,0.35077626,3.1403968,-0.06262583,0.0033527918,-0.048577975,0.55934656,-0.16436452,0.77031213,2016-12-08 23:48:46,NaN
9.222465,0.34476504,3.1028855,0.04569561,5.104723E-4,0.013290251,11.0,9.290303,0.342996,3.121382,-0.069327936,-0.0024873095,-0.029563196,0.55982953,-0.16566439,0.7694775,2016-12-08 23:48:47,NaN
9.193734,0.34476504,3.1028855,-0.026989145,-0.011343554,-0.0011034651,11.0,9.285399,0.34707406,3.1354861,-0.07804516,-0.006565376,-0.043667372,0.5588606,-0.16676186,0.76918596,2016-12-08 23:48:48,NaN
9.212888,0.34476504,3.0933087,0.3691276,0.0191276,0.12084323,11.0,9.282865,0.3482622,3.142852,-0.07550963,-0.0077535138,-0.05103328,0.56045794,-0.16014384,0.7723648,2016-12-08 23:48:49,NaN
9.222465,0.34476504,3.0933087,0.13182855,0.0032490916,0.04597429,11.0,9.292304,0.3461453,3.1150723,-0.057708576,-0.0056366357,-0.023253474,0.56178665,-0.1599101,0.7718569,2016-12-08 23:48:51,NaN
9.203311,0.32561144,3.1316159,0.075430796,0.016417904,0.024437526,11.0,9.289854,0.345451,3.1224453,-0.10974006,-0.0049423017,0.010234589,0.5602901,-0.16393492,0.770231,2016-12-08 23:48:52,NaN
9.222465,0.34476504,3.0933087,0.063617826,0.0027343587,0.022868086,11.0,9.28674,0.35430515,3.1307058,-0.05214455,-0.02741683,-0.01164617,0.55932033,-0.16594931,0.7692494,2016-12-08 23:48:53,NaN
9.212888,0.32561144,3.1028855,-0.11935644,-0.0028577643,-0.03849295,11.0,9.2901535,0.33762684,3.12241,-0.09641899,0.0028818487,-0.030591123,0.56035185,-0.16372903,0.7705402,2016-12-08 23:48:54,NaN
9.212888,0.36391866,3.122039,-0.083896495,0.0015262436,-0.028338533,11.0,9.282401,0.34085655,3.1450372,-0.04780506,-3.4785547E-4,-0.012357364,0.55902207,-0.16474831,0.7705208,2016-12-08 23:48:55,NaN
9.212888,0.34476504,3.1316159,-0.008496923,-0.0072641848,-0.008109796,11.0,9.283975,0.33185926,3.1413503,-0.07662027,0.022269765,-0.0222906,0.5592481,-0.16455169,0.7707736,2016-12-08 23:48:56,NaN
9.203311,0.35434186,3.1316159,-0.023006406,0.007400208,-0.011454186,11.0,9.284273,0.3481237,3.1387048,-0.10415941,0.0060053263,-0.0060249916,0.559502,-0.1640978,0.7704687,2016-12-08 23:48:57,NaN
9.193734,0.34476504,3.1124623,-0.056065384,-0.0013650319,-0.015503638,11.0,9.291209,0.34333885,3.1186442,-0.08385442,-0.002830151,-0.013205103,0.56133425,-0.16092637,0.77156353,2016-12-08 23:48:58,NaN
9.212888,0.34476504,3.1028855,0.01637295,-0.0025750643,0.0033760841,11.0,9.285444,0.34132758,3.1359863,-0.078089215,-8.1890216E-4,-0.044167615,0.5591705,-0.16564281,0.7698796,2016-12-08 23:48:59,NaN
9.232041,0.35434186,3.083732,0.11670836,-0.008248506,0.04022174,11.0,9.287139,0.34596765,3.1304553,-0.079784274,-0.019079315,-0.052256774,0.5599049,-0.16400526,0.77037495,2016-12-08 23:49:00,NaN
9.222465,0.34476504,3.1316159,-0.33106115,-0.0073787104,-0.11222182,11.0,9.281576,0.35315913,3.146114,-0.07422109,9.6991664E-4,-0.01343434,0.56160086,-0.15555502,0.7743527,2016-12-08 23:49:01,NaN
9.222465,0.34476504,3.1028855,-0.024506662,-0.0065015573,-0.0049724886,11.0,9.289439,0.33769235,3.124532,-0.08208371,-0.024424365,-0.032713067,0.56006724,-0.16437137,0.770295,2016-12-08 23:49:02,NaN
9.193734,0.33518824,3.1124623,-2.0864744E-4,0.008213912,-0.008691334,11.0,9.287899,0.33861533,3.129004,-0.09416445,0.015513705,0.0036760974,0.55982983,-0.16448611,0.7703232,2016-12-08 23:49:03,NaN
9.203311,0.35434186,3.1028855,-0.0036903454,-0.003196201,8.663138E-5,11.0,9.28376,0.3468707,3.1403632,-0.07640497,0.007258359,-0.04854452,0.5596436,-0.16335578,0.7708839,2016-12-08 23:49:04,NaN
9.203311,0.35434186,3.1316159,-0.03011256,0.0011192224,-0.006756935,11.0,9.2888975,0.34778336,3.1250305,-0.067922175,-0.0072746743,-0.03321165,0.56054604,-0.16265278,0.77081406,2016-12-08 23:49:05,NaN
9.193734,0.34476504,3.0933087,-0.02414737,-0.011386348,-0.0051335553,11.0,9.28636,0.3298315,3.1345036,-0.092625685,0.010677189,-0.042684752,0.55849355,-0.16813593,0.76900524,2016-12-08 23:49:06,NaN
9.184157,0.35434186,3.1028855,-0.08978823,0.0063248468,-0.028962655,11.0,9.288888,0.3456361,3.1252956,-0.108774066,0.008492948,0.0073842,0.55977046,-0.16526127,0.76968306,2016-12-08 23:49:07,NaN
9.203311,0.36391866,3.083732,-0.09554973,-0.005212895,-0.03484784,11.0,9.285997,0.35075337,3.1333096,-0.07864205,0.003375679,-0.055110905,0.5600141,-0.16318627,0.7706862,2016-12-08 23:49:08,NaN
9.212888,0.32561144,3.0933087,-0.026031444,-0.005746537,-0.0021441714,11.0,9.287056,0.35585603,3.1295943,-0.093321495,-0.042588033,-0.03777539,0.56492704,-0.14591986,0.77797484,2016-12-08 23:49:09,NaN
9.222465,0.35434186,3.083732,-0.015691886,1.4532123E-4,-0.0040005143,11.0,9.290918,0.34616733,3.119199,-0.08356346,-0.019278986,-0.027380148,0.56074023,-0.16289705,0.77060777,2016-12-08 23:49:10,NaN
9.203311,0.35434186,3.122039,-0.048614614,0.003284463,-0.017208308,11.0,9.283299,0.35611817,3.1406877,-0.075944416,-0.042850185,-0.048868943,0.56014067,-0.16159184,0.7714426,2016-12-08 23:49:11,NaN
9.222465,0.35434186,3.0933087,-0.06583594,-0.0022473442,-0.020127745,11.0,9.293784,0.34412983,3.1108742,-0.0728095,-0.017241474,-0.046295796,0.5613066,-0.16224824,0.7707586,2016-12-08 23:49:12,NaN
9.212888,0.34476504,3.083732,0.013745051,-0.00472846,0.005209024,11.0,9.284337,0.35338235,3.1379316,-0.0769819,-0.026494013,-0.046112698,0.56006235,-0.16229673,0.77113074,2016-12-08 23:49:13,NaN
9.203311,0.35434186,3.1028855,-0.0911374,-0.009574306,-0.03445012,11.0,9.282534,0.35249853,3.143356,-0.075178765,0.0016305044,-0.05153727,0.5600035,-0.16164602,0.77158123,2016-12-08 23:49:14,NaN
9.222465,0.34476504,3.083732,0.19138122,0.0047673327,0.06674785,11.0,9.28796,0.35668886,3.1268132,-0.06698527,-0.0025598162,-0.048614554,0.56362224,-0.15135,0.7756052,2016-12-08 23:49:15,NaN
9.184157,0.35434186,3.1028855,-0.079637595,0.006971406,-0.032738395,11.0,9.285502,0.35400355,3.1344068,-0.091768585,1.2547737E-4,-0.04258811,0.5596467,-0.16427204,0.77012306,2016-12-08 23:49:16,NaN
9.212888,0.35434186,3.1124623,-0.009558197,-0.004063287,-0.005931418,11.0,9.284319,0.35067734,3.1382878,-0.076964445,0.0034516926,-0.019228017,0.5600316,-0.16234705,0.7711907,2016-12-08 23:49:17,NaN
9.184157,0.37349546,3.1124623,0.03022766,0.0061079906,0.0070950813,11.0,9.289923,0.34744403,3.1220205,-0.082567535,0.006685008,0.010659602,0.5605403,-0.16314313,0.7705279,2016-12-08 23:49:18,NaN
9.193734,0.35434186,3.122039,0.055873103,8.891387E-4,0.022391506,11.0,9.288209,0.33902854,3.128039,-0.09447454,-0.012140183,-0.03621999,0.56123745,-0.15977195,0.7724244,2016-12-08 23:49:19,NaN
9.174581,0.32561144,3.1411927,0.06836012,0.0072491346,0.02279421,11.0,9.280941,0.32838964,3.150662,-0.100827485,-0.001501286,-0.031602215,0.5587378,-0.16484225,0.770957,2016-12-08 23:49:20,NaN
9.222465,0.33518824,3.1124623,0.04993099,0.00607453,0.01184443,11.0,9.28309,0.34256697,3.1428149,-0.07573492,-0.015678618,-0.023755386,0.55920863,-0.16445898,0.77055407,2016-12-08 23:49:21,NaN
9.203311,0.34476504,3.1028855,-0.17268288,-0.007765695,-0.061141532,11.0,9.285681,0.35022974,3.134304,-0.07832614,0.0038993068,-0.042485233,0.5612365,-0.15877216,0.77272016,2016-12-08 23:49:22,NaN
9.212888,0.36391866,3.1124623,-0.02529668,-0.0014267297,-0.012034288,11.0,9.285221,0.3576558,3.1348243,-0.07786642,-0.0035267714,-0.029385084,0.5609097,-0.15983984,0.772053,2016-12-08 23:49:23,NaN
9.203311,0.34476504,3.1124623,-0.14435613,0.0030188558,-0.04848475,11.0,9.290637,0.3489081,3.1197283,-0.08328247,-0.008399423,-0.027909491,0.5614547,-0.16033311,0.771705,2016-12-08 23:49:24,NaN
9.193734,0.35434186,3.1316159,0.12087643,0.0039338567,0.044625282,11.0,9.286996,0.34706324,3.130759,-0.10688199,0.0070658047,-0.025319722,0.5630158,-0.15293461,0.7752742,2016-12-08 23:49:25,NaN
9.174581,0.35434186,3.122039,0.0062316544,0.0018174248,0.0023552454,11.0,9.289446,0.34055793,3.124196,-0.10933188,0.013571092,-0.0051363106,0.5601081,-0.16428363,0.7702481,2016-12-08 23:49:26,NaN
9.203311,0.34476504,3.0933087,0.09687371,0.0067637973,0.03399434,13.0,9.293093,0.33967757,3.1134276,-0.08573819,-0.026409583,-0.021608917,0.5666691,-0.14193484,0.7795791,2016-12-08 23:49:27,NaN
9.212888,0.35434186,3.1411927,0.103574194,0.0125280805,0.031445164,11.0,9.289683,0.34012637,3.1235385,-0.095948465,-0.013238044,-0.0044789445,0.5592426,-0.16730666,0.76884574,2016-12-08 23:49:28,NaN
9.212888,0.34476504,3.0933087,0.019413225,-7.7159307E-4,0.011100025,11.0,9.291469,0.33774772,3.118483,-0.08411379,0.016381316,-0.026664175,0.5633306,-0.15381907,0.7748335,2016-12-08 23:49:29,NaN
9.203311,0.35434186,3.1316159,-0.016833756,3.3551236E-4,-0.0051435586,11.0,9.2834015,0.34317145,3.1418278,-0.07604666,0.010957577,-0.03638854,0.55856335,-0.16678883,0.76943225,2016-12-08 23:49:30,NaN
9.222465,0.34476504,3.1028855,-0.15097232,-0.0024480482,-0.051623724,11.0,9.291881,0.33848846,3.1171737,-0.07090495,0.0020202375,-0.025354637,0.5612762,-0.1613607,0.7714644,2016-12-08 23:49:31,NaN
9.193734,0.35434186,3.1316159,-0.06963138,0.0038378218,-0.022387153,11.0,9.2876625,0.35059473,3.1283853,-0.080308005,0.0035343051,-0.022946306,0.5596548,-0.16517647,0.7696572,2016-12-08 23:49:32,NaN
9.203311,0.35434186,3.1028855,-0.0065850443,-0.0035290704,-0.003963388,11.0,9.28897,0.34994435,3.1245778,-0.081614845,0.0041846833,-0.032758996,0.56009096,-0.16428344,0.76999724,2016-12-08 23:49:33,NaN
9.212888,0.34476504,3.1124623,-0.042425748,7.981009E-4,-0.016542785,11.0,9.289101,0.3489333,3.1243021,-0.08174536,-0.008424623,-0.01886286,0.5591125,-0.16762511,0.76846665,2016-12-08 23:49:34,NaN
9.203311,0.34476504,3.1028855,0.014352046,6.6137523E-4,0.010174748,11.0,9.289653,0.34102803,3.1235273,-0.08229819,-5.1936717E-4,-0.031708416,0.5590683,-0.16788983,0.7685473,2016-12-08 23:49:35,NaN
9.203311,0.36391866,3.122039,-0.030987212,-9.2806533E-4,-0.011647227,11.0,9.281805,0.3522322,3.145543,-0.08807004,0.0018968385,-0.012863015,0.5589798,-0.16481358,0.7701855,2016-12-08 23:49:36,NaN
9.222465,0.34476504,3.0933087,-0.36803246,-0.012620255,-0.12391379,11.0,9.288244,0.35675037,3.1259623,-0.08088993,-0.01624168,-0.034143563,0.56263286,-0.1551279,0.77395153,2016-12-08 23:49:37,NaN
9.212888,0.36391866,3.1028855,-0.21458551,-0.014294774,-0.07145831,11.0,9.287221,0.34915265,3.1298609,-0.052625053,0.0049763853,-0.051662173,0.5604358,-0.16227525,0.771064,2016-12-08 23:49:38,NaN
9.212888,0.34476504,3.122039,0.029128902,0.0029665946,0.009817404,11.0,9.280571,0.35855383,3.1484678,-0.07321602,-0.018045126,-0.05664864,0.5591933,-0.16363294,0.7706249,2016-12-08 23:49:39,NaN
9.222465,0.34476504,3.083732,-0.03629913,-0.0083189085,-0.010733512,11.0,9.283162,0.35388944,3.1413476,-0.062186893,2.3960203E-4,-0.035908245,0.5601381,-0.16149642,0.77156305,2016-12-08 23:49:40,NaN
9.203311,0.33518824,3.0933087,-0.20665343,-0.004317508,-0.06660912,11.0,9.29127,0.34649345,3.1181166,-0.07029476,-0.0059847767,-0.02629777,0.561397,-0.16079092,0.7715259,2016-12-08 23:49:41,NaN
9.203311,0.34476504,3.1028855,0.05238704,0.005639147,0.017303346,11.0,9.283429,0.3530772,3.1406481,-0.07607409,0.0010518277,-0.048829243,0.5581197,-0.16844538,0.7683452,2016-12-08 23:49:42,NaN
9.203311,0.34476504,3.122039,0.033259373,-0.002328632,0.011321211,11.0,9.282004,0.34832045,3.1453888,-0.074649215,-0.007811758,9.1154245E-4,0.558493,-0.16647926,0.7695159,2016-12-08 23:49:43,NaN
9.212888,0.34476504,3.1028855,0.33014104,0.008613564,0.11218807,11.0,9.2807045,0.34898344,3.1491458,-0.07334986,0.0051456112,-0.04370665,0.5609814,-0.15728359,0.77377546,2016-12-08 23:49:44,NaN
9.222465,0.35434186,3.1316159,0.032467462,5.2109465E-4,0.006505278,11.0,9.27838,0.34278142,3.156667,-0.07102549,-0.0158931,-0.05122802,0.5600656,-0.15931505,0.77321875,2016-12-08 23:49:45,NaN
9.212888,0.33518824,3.1124623,0.0789382,0.003141123,0.032104585,11.0,9.283517,0.35137057,3.140584,-0.06254104,-0.024482245,-0.021524537,0.558713,-0.16647694,0.76931816,2016-12-08 23:49:46,NaN
9.193734,0.34476504,3.122039,-0.07764705,-0.0079740705,-0.031439222,11.0,9.2829895,0.3505454,3.1422315,-0.102875024,0.0035836126,-0.009551659,0.5585222,-0.16686396,0.76919883,2016-12-08 23:49:47,NaN
9.193734,0.35434186,3.122039,0.026506033,9.37643E-4,0.007713059,11.0,9.281066,0.3511956,3.1478336,-0.073711485,0.0029334167,-0.028774066,0.5616279,-0.15517479,0.7746135,2016-12-08 23:49:48,NaN
9.203311,0.35434186,3.0933087,-0.09272969,-0.013416692,-0.03231294,11.0,9.280167,0.3543601,3.1501303,-0.05919165,-2.31081E-4,-0.085552186,0.5582929,-0.16642432,0.76948285,2016-12-08 23:49:49,NaN
9.184157,0.36391866,3.1316159,-0.10607682,-0.002463502,-0.036472883,11.0,9.278967,0.3543785,3.1536615,-0.098853104,-2.4944797E-4,-0.0073611313,0.55824715,-0.16603662,0.7697467,2016-12-08 23:49:50,NaN
9.193734,0.35434186,3.1316159,0.03812089,-2.710336E-4,0.009820779,11.0,9.280204,0.3573184,3.149688,-0.07284941,-0.0031893593,-0.017008184,0.55824107,-0.16666591,0.7692754,2016-12-08 23:49:51,NaN
9.203311,0.36391866,3.1124623,0.35277143,0.018043661,0.11863374,11.0,9.287129,0.3458729,3.1304963,-0.0797743,0.008256124,-0.038677372,0.5617487,-0.15756764,0.77327967,2016-12-08 23:49:52,NaN
9.184157,0.36391866,3.1028855,-0.021825146,0.004444645,-0.008724278,11.0,9.281603,0.34971768,3.1464195,-0.07424769,0.018031696,-0.05460089,0.5593736,-0.16333508,0.7709586,2016-12-08 23:49:53,NaN
9.193734,0.36391866,3.1316159,-0.013789133,3.675095E-4,-6.779615E-4,11.0,9.278739,0.35030174,3.1547842,-0.07138462,-0.009793053,-0.022104384,0.55855715,-0.16481693,0.7704562,2016-12-08 23:49:54,NaN
9.203311,0.34476504,3.1316159,-0.04217209,-0.0064847427,-0.01516135,11.0,9.288954,0.34375885,3.1253102,-0.0679787,-0.0032501495,-0.019871043,0.55892843,-0.16808495,0.7684206,2016-12-08 23:49:55,NaN
9.174581,0.36391866,3.1028855,-0.020694157,-6.592225E-4,-0.006939341,11.0,9.277425,0.34985867,3.1587026,-0.09731016,-0.009349987,-0.066883646,0.5587592,-0.16352142,0.77116066,2016-12-08 23:49:56,NaN
9.203311,0.34476504,3.122039,-0.06651236,-0.007952652,-0.022796284,11.0,9.281081,0.35094815,3.1478205,-0.073726445,-0.010439457,-0.028760765,0.5582678,-0.16686213,0.76931953,2016-12-08 23:49:57,NaN
9.212888,0.34476504,3.122039,-0.016871532,-0.003163348,-0.0039100777,11.0,9.283459,0.34338087,3.141636,-0.07610403,-0.0028721846,-0.022576366,0.559659,-0.1631045,0.7711257,2016-12-08 23:49:58,NaN
9.193734,0.32561144,3.1028855,0.4700755,0.018930525,0.16201206,11.0,9.290383,0.34577358,3.1208344,-0.09664844,-0.0052649057,-0.029015355,0.5618601,-0.158729,0.7725327,2016-12-08 23:49:59,NaN
9.193734,0.34476504,3.1507695,0.08552838,0.0018442147,0.02806748,11.0,9.279204,0.34666592,3.1538196,-0.07184933,-0.006157224,-0.021139638,0.5583504,-0.16566499,0.77014077,2016-12-08 23:50:00,NaN
9.184157,0.37349546,3.1507695,0.047676098,0.0017853398,0.017283747,11.0,9.281179,0.35342234,3.1472535,-0.10106524,7.06674E-4,-0.014573664,0.5594209,-0.16304322,0.77101004,2016-12-08 23:50:01,NaN
9.212888,0.33518824,3.0933087,0.046963386,0.00266365,0.016337208,11.0,9.28897,0.34292656,3.125353,-0.081614845,-0.0024178943,-0.033533994,0.55919933,-0.16717514,0.7688711,2016-12-08 23:50:02,NaN
9.193734,0.35434186,3.1316159,0.17956123,0.0011767423,0.062080882,11.0,9.281528,0.35171878,3.1464155,-0.087793216,0.0024102565,-0.013735693,0.5590226,-0.16453323,0.7703504,2016-12-08 23:50:03,NaN
9.193734,0.35434186,3.1124623,-0.0,-0.0,-0.0,11.0,9.282585,0.34628066,3.1438985,-0.088850655,-0.019392332,-0.024838803,0.5576974,-0.16935009,0.76818573,2016-12-08 23:50:04,NaN
9.193734,0.36391866,3.1316159,0.088782415,-0.0023174225,0.023502946,11.0,9.286559,0.34561828,3.1322126,-0.09282436,0.008510742,-0.026773492,0.5605332,-0.16156742,0.7715384,2016-12-08 23:50:05,NaN
9.193734,0.34476504,3.1316159,-0.07193401,0.010132651,-0.027905036,11.0,9.285434,0.3360551,3.1365879,-0.09169875,0.004453589,-0.0039078277,0.55948335,-0.16448997,0.77057254,2016-12-08 23:50:06,NaN
9.212888,0.34476504,3.1316159,0.024025742,0.0036231843,0.008786851,11.0,9.283113,0.3507143,3.14185,-0.08937771,-0.010205623,-0.036410987,0.5592162,-0.16458268,0.7702474,2016-12-08 23:50:07,NaN
9.212888,0.33518824,3.0933087,-0.034261193,-0.0046553873,-0.01608891,11.0,9.280517,0.34759504,3.1498566,-0.073161155,-0.007086354,-0.05803778,0.55955803,-0.16216284,0.77163583,2016-12-08 23:50:08,NaN
9.203311,0.33518824,3.1028855,-0.23997226,-0.018395362,-0.082949355,11.0,9.284679,0.33949733,3.1384509,-0.06370406,-0.012608995,-0.04663186,0.5590795,-0.16557074,0.77002233,2016-12-08 23:50:09,NaN
9.203311,0.34476504,3.122039,-0.1592626,-0.004795566,-0.04936105,11.0,9.283812,0.33133733,3.1418877,-0.0764565,0.009171356,-0.0364486,0.5648326,-0.14412671,0.77962935,2016-12-08 23:50:10,NaN
9.222465,0.35434186,3.0933087,0.035099234,-0.0056989132,0.012887188,11.0,9.286695,0.34472433,3.131913,-0.07933952,-0.0042156237,-0.04009394,0.55947906,-0.1652274,0.76988095,2016-12-08 23:50:11,NaN
9.203311,0.34476504,3.122039,-0.30502746,-0.0038895013,-0.10140328,11.0,9.283075,0.33678928,3.1434839,-0.07571995,0.0037194036,-0.024424182,0.5624768,-0.15279672,0.7759154,2016-12-08 23:50:12,NaN
9.212888,0.34476504,3.1316159,-0.042591076,-0.0097896755,-0.018201692,13.0,9.285815,0.34093234,3.1349308,-0.07846081,0.013196685,-0.015871147,0.55976284,-0.16379435,0.7707175,2016-12-08 23:50:13,NaN
9.222465,0.34476504,3.1124623,0.087554835,-0.0042163716,0.02877462,11.0,9.287135,0.34588343,3.130478,-0.06615977,-0.005374744,-0.038658876,0.5601215,-0.16326047,0.7707193,2016-12-08 23:50:14,NaN
9.184157,0.34476504,3.1411927,-0.004756103,-0.0045164875,-0.0021597568,11.0,9.282495,0.34215206,3.1446164,-0.075139694,-0.0016433898,-0.025556855,0.5651439,-0.14241344,0.78012484,2016-12-08 23:50:15,NaN
9.203311,0.34476504,3.1411927,-0.37929466,-0.013193196,-0.13260242,11.0,9.27882,0.34656593,3.154962,-0.07146526,-0.0060572578,-0.035902634,0.5622529,-0.15170182,0.77641463,2016-12-08 23:50:16,NaN
9.203311,0.34476504,3.1124623,0.008083457,-0.001009739,0.0053856806,11.0,9.283169,0.34731355,3.1420586,-0.07581389,-0.0068048486,-0.03661944,0.5595414,-0.16344114,0.77087283,2016-12-08 23:50:17,NaN
9.203311,0.33518824,3.122039,0.13942276,0.0069591044,0.050900187,11.0,9.2886505,0.34350786,3.1262403,-0.08129562,-0.016619517,-0.0071807345,0.5599801,-0.1644031,0.77016014,2016-12-08 23:50:18,NaN
9.212888,0.34476504,3.122039,1.3183863E-4,-0.010095837,0.004155237,11.0,9.283569,0.33869654,3.1418161,-0.089834936,-0.025428547,-0.022756763,0.5590313,-0.16521493,0.77028906,2016-12-08 23:50:19,NaN
9.174581,0.34476504,3.1411927,-0.17743284,1.3267007E-4,-0.060510334,11.0,9.286996,0.33441114,3.1321354,-0.10688199,0.019717872,-0.013075832,0.5598501,-0.16393091,0.7707684,2016-12-08 23:50:20,NaN
9.184157,0.35434186,3.122039,-0.120993204,-0.016764987,-0.041490156,11.0,9.278992,0.3500934,3.154068,-0.08525686,-0.009584704,-0.04862869,0.559354,-0.16220473,0.7716483,2016-12-08 23:50:21,NaN
9.203311,0.34476504,3.122039,0.20175451,-0.006107321,0.071633115,11.0,9.284262,0.3326643,3.1404176,-0.076907076,0.007844388,-0.048598763,0.55929905,-0.16452287,0.7707425,2016-12-08 23:50:22,NaN
9.203311,0.34476504,3.0933087,-0.18572538,-0.010406595,-0.066723496,11.0,9.287882,0.33291695,3.1296675,-0.08052665,-0.01964895,-0.037848752,0.5643397,-0.14816241,0.77762574,2016-12-08 23:50:23,NaN
9.203311,0.35434186,3.1411927,-0.25362122,-0.0034903318,-0.08866552,11.0,9.28804,0.33731025,3.128724,-0.08068543,0.016818773,0.0039556283,0.56555235,-0.14363165,0.7793475,2016-12-08 23:50:24,NaN
9.222465,0.34476504,3.074155,0.35071075,0.010322948,0.11923223,11.0,9.282947,0.3472184,3.142728,-0.07559193,-0.033950407,-0.050909,0.56064427,-0.15951034,0.77267486,2016-12-08 23:50:25,NaN
9.203311,0.35434186,3.1124623,-0.021868916,0.0046879975,-0.004928929,11.0,9.280734,0.35339564,3.1485693,-0.10061966,7.333801E-4,-0.04313013,0.5587791,-0.16502586,0.7701259,2016-12-08 23:50:26,NaN
9.184157,0.35434186,3.1028855,0.021795638,0.0011062965,0.008490542,11.0,9.287538,0.34565336,3.1293073,-0.09380366,0.0084756715,-0.023868237,0.56065553,-0.16160175,0.7714522,2016-12-08 23:50:27,NaN
9.165004,0.35434186,3.122039,0.026759656,0.0015856251,0.008257628,11.0,9.285485,0.34962144,3.1349528,-0.10537065,0.004507599,-0.0022730369,0.5588239,-0.16696645,0.769006,2016-12-08 23:50:28,NaN
9.184157,0.35434186,3.1028855,-0.0829257,0.0020457068,-0.02945839,11.0,9.29066,0.34449413,3.1201541,-0.11054561,0.009634921,-0.0010944328,0.5589014,-0.16895477,0.76786983,2016-12-08 23:50:29,NaN
9.203311,0.34476504,3.1124623,-0.16341354,-0.0011613623,-0.055871096,11.0,9.285463,0.35150075,3.1348047,-0.07810834,-0.010992051,-0.02936555,0.561038,-0.15939206,0.7724207,2016-12-08 23:50:30,NaN
9.193734,0.36391866,3.1316159,-0.020696215,0.009437434,-0.010123745,11.0,9.290165,0.3427162,3.1218224,-0.11005098,0.011412855,-0.0027628923,0.55991846,-0.16529568,0.7696661,2016-12-08 23:50:31,NaN
9.212888,0.33518824,3.1124623,-0.070513465,-0.010321041,-0.025365302,11.0,9.283324,0.34720153,3.1416152,-0.07596935,0.00692752,-0.04979628,0.5590304,-0.16524906,0.7700313,2016-12-08 23:50:32,NaN
9.203311,0.34476504,3.1124623,0.034550257,0.0072817663,0.008034873,13.0,9.28518,0.349706,3.1358476,-0.07782486,0.004423038,-0.04402879,0.5599712,-0.16293734,0.77088964,2016-12-08 23:50:33,NaN
9.222465,0.35434186,3.1028855,-0.0075051347,-0.006245961,-1.6843509E-4,11.0,9.289738,0.35095358,3.1221797,-0.082382984,0.0031754607,-0.030361054,0.56114924,-0.16101141,0.77140313,2016-12-08 23:50:34,NaN
9.203311,0.35434186,3.1124623,-0.20198199,-0.011227297,-0.0679478,11.0,9.292386,0.3516643,3.1142087,-0.08503157,0.002464734,-0.008769595,0.56188977,-0.15968566,0.7717872,2016-12-08 23:50:35,NaN
9.222465,0.34476504,3.1028855,-0.07177605,1.2911059E-4,-0.028437257,11.0,9.288515,0.35318393,3.1255624,-0.06753977,-0.012675241,-0.0337437,0.5596735,-0.16554832,0.76934576,2016-12-08 23:50:36,NaN
9.203311,0.34476504,3.0933087,0.0,-0.0,-0.0,11.0,9.292363,0.35126692,3.1143205,-0.08500829,-0.010758243,-0.022501549,0.5612423,-0.16192867,0.77079093,2016-12-08 23:50:37,NaN
9.212888,0.36391866,3.0933087,-0.0,-0.0,-0.0,13.0,9.290245,0.35407034,3.120319,-0.082890086,-0.013561662,-0.028499937,0.5608278,-0.1624199,0.7706347,2016-12-08 23:50:38,NaN
9.232041,0.35434186,3.0933087,0.32810286,0.014283996,0.11077829,13.0,9.290139,0.3573574,3.1202545,-0.069164164,-0.0032283792,-0.042055856,0.5654214,-0.14563654,0.77781796,2016-12-08 23:50:39,NaN
9.222465,0.36391866,3.1316159,-0.25029114,0.003394713,-0.087228954,13.0,9.286499,0.3567832,3.1311388,-0.06552382,-0.01627452,-0.025699427,0.5618475,-0.15711085,0.77320534,2016-12-08 23:50:40,NaN
9.222465,0.35434186,3.1028855,-0.16817436,-0.004439078,-0.057969898,13.0,9.295564,0.35103518,3.1047797,-0.08820888,0.0030938615,-0.040201392,0.56297374,-0.15735598,0.7726083,2016-12-08 23:50:41,NaN
9.232041,0.36391866,3.1124623,-0.218002,-0.0060991016,-0.07327472,13.0,9.292554,0.35537484,3.1132863,-0.057957973,-0.001245811,-0.007847246,0.56300277,-0.15586698,0.77335435,2016-12-08 23:50:42,NaN
9.203311,0.36391866,3.0933087,0.010007589,0.009112049,0.0027483902,13.0,9.286854,0.3526828,3.1305509,-0.07949913,0.0014462111,-0.011491337,0.5607409,-0.16110866,0.7715131,2016-12-08 23:50:43,NaN
9.232041,0.36391866,3.0933087,-0.20222181,-0.012039653,-0.065653004,13.0,9.288093,0.35696033,3.1263864,-0.0807378,-0.016451642,-0.034567535,0.5620602,-0.15712081,0.77308047,2016-12-08 23:50:44,NaN
9.203311,0.36391866,3.1028855,0.34047908,0.007919015,0.114892714,13.0,9.282755,0.3501849,3.1429667,-0.0753999,0.003944146,-0.023907103,0.56108946,-0.15789855,0.77332026,2016-12-08 23:50:45,NaN
9.193734,0.34476504,3.122039,-0.19012724,0.004038762,-0.070455156,13.0,9.287247,0.34559307,3.1301792,-0.07989152,-0.005084379,-0.011119529,0.56123364,-0.1594434,0.7724457,2016-12-08 23:50:46,NaN
9.212888,0.35434186,3.1316159,0.28748986,0.019518651,0.09539709,13.0,9.28784,0.3511248,3.1278012,-0.080485076,-0.02423646,-0.022362094,0.5606176,-0.16197059,0.7710991,2016-12-08 23:50:47,NaN
9.222465,0.35434186,3.1124623,0.0101013975,-0.009933431,0.0061406363,13.0,9.287825,0.34997782,3.1279764,-0.08046929,-0.023089472,-0.022537295,0.56039584,-0.16270839,0.7707988,2016-12-08 23:50:48,NaN
9.212888,0.35434186,3.0933087,-0.0,0.0,0.0,11.0,9.286889,0.34408933,3.131404,-0.06591371,-0.017200999,-0.039584965,0.560542,-0.16166493,0.7715167,2016-12-08 23:50:49,NaN
9.232041,0.34476504,3.083732,0.16019127,0.0016711722,0.05362228,13.0,9.291794,0.35439634,3.1156642,-0.057198144,-2.6732136E-4,-0.023845585,0.56077194,-0.16334026,0.7700944,2016-12-08 23:50:50,NaN
9.212888,0.35434186,3.1124623,-0.2709517,-0.00713192,-0.09326854,13.0,9.29325,0.35253903,3.111529,-0.08589531,0.0015900034,-0.006089835,0.5625725,-0.15769714,0.77258235,2016-12-08 23:50:51,NaN
9.222465,0.34476504,3.1028855,0.049842324,-3.365304E-4,0.015284225,13.0,9.293409,0.3507957,3.1112502,-0.086054094,-0.010286988,-0.019431274,0.5638039,-0.15328257,0.7745451,2016-12-08 23:50:52,NaN
9.212888,0.35434186,3.1124623,-0.0,-0.0,0.0,13.0,9.286142,0.35082975,3.1328702,-0.07878752,0.0032992754,-0.041051414,0.56033397,-0.16215421,0.771145,2016-12-08 23:50:53,NaN
9.193734,0.36391866,3.1028855,-0.058942415,-8.849038E-4,-0.017772881,13.0,9.293431,0.35569704,3.1106255,-0.09969689,-0.015188374,0.008433949,0.5604041,-0.1653767,0.76900166,2016-12-08 23:50:54,NaN
9.203311,0.34476504,3.1028855,0.06478047,-0.0021022132,0.024802146,13.0,9.290781,0.35823026,3.1182427,-0.08342629,-0.01772156,-0.026423713,0.56110555,-0.16178507,0.77075934,2016-12-08 23:50:55,NaN
9.212888,0.36391866,3.074155,-0.19635221,-0.016166823,-0.06551393,13.0,9.291148,0.35920852,3.1170387,-0.070172556,-0.0050794696,-0.038840104,0.5624599,-0.15720743,0.7727545,2016-12-08 23:50:56,NaN
9.203311,0.34476504,3.1124623,-0.08994644,0.0051237773,-0.031857293,13.0,9.29028,0.35581627,3.1200106,-0.082925834,-0.015307589,-0.014571586,0.5613605,-0.16061807,0.7713958,2016-12-08 23:50:57,NaN
9.212888,0.35434186,3.122039,-0.010754554,0.005954163,-0.0039724787,13.0,9.290559,0.35462597,3.119317,-0.05596363,-4.9692154E-4,-0.027497988,0.5611372,-0.16150555,0.7710106,2016-12-08 23:50:58,NaN
9.232041,0.35434186,3.083732,-0.01734759,-0.003432365,-0.004589793,13.0,9.291339,0.35040265,3.117471,-0.05674341,0.003726392,-0.03927239,0.56081843,-0.16289839,0.77044946,2016-12-08 23:50:59,NaN
9.203311,0.35434186,3.122039,-0.004295372,0.0025394508,-0.0047733313,13.0,9.285399,0.35640067,3.1344397,-0.07804516,-0.00227166,-0.042620737,0.56021786,-0.16230859,0.7709588,2016-12-08 23:51:00,NaN
9.193734,0.35434186,3.1028855,-0.21353225,-0.0069119455,-0.071537904,13.0,9.293851,0.35387638,3.10958,-0.08649635,-0.013367704,-0.0041410127,0.5625275,-0.15817195,0.772289,2016-12-08 23:51:01,NaN
9.232041,0.37349546,3.1028855,0.093088605,0.0093822,0.02798763,13.0,9.288793,0.36197543,3.1237311,-0.081437774,0.0057739597,-0.031912297,0.56380725,-0.15117994,0.77546436,2016-12-08 23:51:02,NaN
9.212888,0.36391866,3.1124623,0.044052586,7.0155285E-5,0.014322576,13.0,9.295386,0.36795717,3.1033516,-0.088031806,-0.013828125,0.0020876525,0.5609357,-0.16469441,0.7688027,2016-12-08 23:51:03,NaN
9.222465,0.34476504,3.074155,0.39080155,0.011354841,0.1331697,13.0,9.293045,0.35206145,3.1121917,-0.072070464,-0.011552751,-0.047613647,0.56548846,-0.14678311,0.77727467,2016-12-08 23:51:04,NaN
9.212888,0.36391866,3.1316159,-0.1714872,-0.0023327654,-0.052895293,13.0,9.28509,0.3552061,3.1354942,-0.07773591,-0.014697426,-0.002814434,0.5666435,-0.1380198,0.78132045,2016-12-08 23:51:05,NaN
9.212888,0.37349546,3.0933087,-0.06519127,-0.006321576,-0.02187526,13.0,9.283811,0.35591775,3.1392016,-0.076455675,0.011831658,-0.04738254,0.5602615,-0.16140756,0.7714965,2016-12-08 23:51:06,NaN
9.203311,0.34476504,3.122039,-0.0,-0.0,-0.0,13.0,9.29013,0.3456031,3.121607,-0.08277536,0.008525941,-0.029788274,0.5605945,-0.16302189,0.7706241,2016-12-08 23:51:07,NaN
9.212888,0.35434186,3.0933087,0.031402055,-0.0012226522,0.011531887,13.0,9.290897,0.33498275,3.1204832,-0.083542675,0.019146262,-0.028664123,0.5600832,-0.16494384,0.770011,2016-12-08 23:51:08,NaN
9.232041,0.35434186,3.0933087,0.19104894,0.0040289406,0.06242899,13.0,9.285597,0.35447028,3.1340756,-0.07824218,-3.4125688E-4,-0.04225683,0.5612367,-0.15880837,0.77258396,2016-12-08 23:51:09,NaN
9.193734,0.32561144,3.1028855,-0.24433185,-0.006396399,-0.08148887,13.0,9.28542,0.34957528,3.135151,-0.07806511,0.004553763,-0.043331932,0.5609343,-0.15970118,0.77234256,2016-12-08 23:51:10,NaN
9.203311,0.34476504,3.083732,-0.024892444,-5.8167325E-6,-0.0069237757,13.0,9.289653,0.34507924,3.1230836,-0.08229819,-0.0045705456,-0.03126449,0.56038624,-0.16350669,0.7704524,2016-12-08 23:51:11,NaN
9.212888,0.36391866,3.083732,-0.048283275,-0.0013575361,-0.017701251,13.0,9.283028,0.35982624,3.141069,-0.07567257,-0.01931754,-0.06287024,0.55988544,-0.16241436,0.77097416,2016-12-08 23:51:12,NaN
9.222465,0.35434186,3.1316159,0.19351539,0.0043937396,0.067049496,13.0,9.287479,0.35641468,3.1282725,-0.066503935,-0.0022856365,-0.02283345,0.56309694,-0.15304989,0.7749191,2016-12-08 23:51:13,NaN
9.222465,0.35434186,3.0933087,0.19316162,0.0052269585,0.064770505,13.0,9.285242,0.35303798,3.1352875,-0.05064651,0.0010910556,-0.070709385,0.5651483,-0.14405644,0.7789535,2016-12-08 23:51:14,NaN
9.232041,0.35434186,3.0933087,0.13199855,0.0046187546,0.045887746,13.0,9.294355,0.3511055,3.1083894,-0.08700014,0.003023537,-0.016570287,0.5607541,-0.16453294,0.76946527,2016-12-08 23:51:15,NaN
9.222465,0.34476504,3.074155,0.052533045,-0.0013258287,0.01632316,13.0,9.292573,0.34499958,3.114396,-0.08521778,-0.0044908947,-0.036197547,0.5620392,-0.15912856,0.7722198,2016-12-08 23:51:16,NaN
9.203311,0.35434186,3.1124623,0.0,0.0,-0.0,13.0,9.283329,0.3512395,3.1411526,-0.0759735,0.0028895384,-0.0357133,0.5599305,-0.16224574,0.77128994,2016-12-08 23:51:17,NaN
9.203311,0.35434186,3.122039,0.34868282,0.01792616,0.11206354,13.0,9.288369,0.34361807,3.1270614,-0.08101463,0.010510976,-0.035242565,0.5610402,-0.16061778,0.7718975,2016-12-08 23:51:18,NaN
9.222465,0.34476504,3.1124623,0.4234425,0.01859621,0.1487763,13.0,9.282465,0.35369956,3.1434264,-0.06148942,-0.013190893,-0.03798717,0.5621911,-0.1538536,0.77501553,2016-12-08 23:51:19,NaN
9.203311,0.34476504,3.1411927,0.06201492,0.011896773,0.02057612,13.0,9.282624,0.35059533,3.1433067,-0.07526938,0.0035337077,-0.02424732,0.5592562,-0.1642209,0.7704525,2016-12-08 23:51:20,NaN
9.193734,0.35434186,3.1411927,-0.1023223,4.4554545E-5,-0.04224905,13.0,9.287814,0.34471422,3.1285906,-0.09407965,0.009414803,-0.009531084,0.560179,-0.16335769,0.77066195,2016-12-08 23:51:21,NaN
9.203311,0.35434186,3.1124623,0.35078624,0.01997026,0.11696338,13.0,9.286408,0.35251614,3.1318882,-0.07905354,-0.025627803,-0.0128287235,0.5645503,-0.14697306,0.77768093,2016-12-08 23:51:22,NaN
9.222465,0.35434186,3.1316159,-0.20049337,-0.013146824,-0.06919348,13.0,9.282291,0.35596204,3.1436846,-0.0885572,-0.0018330087,-0.0382455,0.5615192,-0.1562465,0.77391464,2016-12-08 23:51:23,NaN
9.222465,0.35434186,3.083732,0.1091864,-0.0023575106,0.038367227,13.0,9.289735,0.34743032,3.1225812,-0.06876014,0.006698725,-0.04438272,0.5656749,-0.14423813,0.7786958,2016-12-08 23:51:24,NaN
9.222465,0.34476504,3.0933087,0.04788134,0.006207031,0.015613343,13.0,9.289143,0.35543257,3.1234426,-0.08178776,-0.0013035358,-0.058864318,0.56092286,-0.16159938,0.7710449,2016-12-08 23:51:25,NaN
9.203311,0.35434186,3.1316159,-0.020322876,-7.410294E-4,-0.0062791067,13.0,9.2842045,0.35039765,3.1386552,-0.09047007,0.00373138,-0.019595668,0.5593963,-0.16446531,0.77023476,2016-12-08 23:51:26,NaN
9.222465,0.33518824,3.1316159,0.023819571,0.0041858032,0.005915733,13.0,9.28827,0.34081206,3.127663,-0.08091487,0.0133169675,-0.02222368,0.5592321,-0.16671216,0.7692007,2016-12-08 23:51:27,NaN
9.203311,0.33518824,3.122039,-0.39914572,-0.006278967,-0.12799801,13.0,9.284178,0.3457887,3.1392474,-0.076823115,0.0083403485,-0.0065674284,0.5644158,-0.14621113,0.77835083,2016-12-08 23:51:28,NaN
9.155427,0.34476504,3.122039,-0.23948297,-0.0019458362,-0.08118733,13.0,9.285334,0.33023348,3.1375008,-0.091598995,0.023895541,-0.045681868,0.56129396,-0.15805386,0.773653,2016-12-08 23:51:29,NaN
9.203311,0.34476504,3.0933087,0.24201776,0.0023598024,0.079516485,11.0,9.288871,0.34024066,3.1259398,-0.06789557,2.680228E-4,-0.034120906,0.56534207,-0.1449474,0.7786705,2016-12-08 23:51:30,NaN
9.222465,0.33518824,3.0933087,-0.14788343,-0.0061759474,-0.040602576,11.0,9.293553,0.34636986,3.1113176,-0.08619874,-0.033101864,-0.005878472,0.56041753,-0.16522464,0.76934797,2016-12-08 23:51:31,NaN
9.203311,0.33518824,3.1316159,-0.046722636,0.0032753483,-0.01759737,11.0,9.290078,0.34854162,3.121435,-0.082723826,-0.008032942,0.011245059,0.55913657,-0.16798072,0.7682435,2016-12-08 23:51:32,NaN
9.222465,0.34476504,3.1028855,-0.27405405,-0.011752758,-0.090864,13.0,9.2843895,0.34139356,3.1391008,-0.07703511,-8.8486227E-4,-0.047281947,0.56463635,-0.14538293,0.77879757,2016-12-08 23:51:33,NaN
9.193734,0.34476504,3.1411927,-0.15728733,-0.008274888,-0.05337988,13.0,9.291896,0.33802006,3.1171756,-0.098161444,0.0024886345,0.015504119,0.5649516,-0.14797956,0.7772587,2016-12-08 23:51:34,NaN
9.193734,0.35434186,3.122039,0.115714,-0.0024207497,0.043442387,13.0,9.287104,0.345341,3.1306312,-0.09336888,0.00878804,-0.038812254,0.56153333,-0.15831147,0.77296764,2016-12-08 23:51:35,NaN
9.222465,0.35434186,3.083732,-0.15300618,-0.007904157,-0.04540708,13.0,9.28843,0.34966466,3.1262076,-0.06745497,-0.022776326,-0.034388594,0.5604491,-0.16280209,0.77072245,2016-12-08 23:51:36,NaN
9.203311,0.35434186,3.1124623,0.034087323,-0.005192499,0.012092887,13.0,9.285821,0.34954277,3.133966,-0.078465804,0.0045862626,-0.0421473,0.5590914,-0.16621983,0.7693337,2016-12-08 23:51:37,NaN
9.212888,0.34476504,3.1028855,0.046955887,0.0030038531,0.021363888,13.0,9.28129,0.3433923,3.1480346,-0.08755545,-0.0028836154,-0.04259559,0.5590697,-0.16412187,0.7708104,2016-12-08 23:51:38,NaN
9.222465,0.35434186,3.0933087,0.0,0.0,0.0,13.0,9.287448,0.34701005,3.1294248,-0.0800927,0.007118983,-0.037605803,0.55968595,-0.16491029,0.7699048,2016-12-08 23:51:39,NaN
9.193734,0.34476504,3.1028855,-0.21336406,-0.0051226113,-0.077137314,13.0,9.284916,0.3508552,3.1364994,-0.07756133,0.0032738422,-0.031059986,0.5619805,-0.15575948,0.7740893,2016-12-08 23:51:40,NaN
9.212888,0.34476504,3.1124623,0.0018979429,0.0053150584,-0.003978906,13.0,9.285985,0.3523099,3.1331697,-0.0786304,0.0018191361,-0.027730344,0.55887747,-0.16705951,0.7688447,2016-12-08 23:51:41,NaN
9.193734,0.33518824,3.0933087,0.04551052,-0.0024672667,0.016824216,13.0,9.288523,0.34991688,3.125909,-0.08116759,0.004212169,-0.03409036,0.5583536,-0.16989483,0.76740444,2016-12-08 23:51:42,NaN
9.222465,0.33518824,3.1028855,-0.021581663,-6.37497E-4,-0.0032653552,13.0,9.293305,0.34741777,3.11194,-0.08595101,-0.020529423,-0.03374141,0.56066495,-0.16428639,0.76976514,2016-12-08 23:51:43,NaN
9.193734,0.34476504,3.122039,0.033465426,-0.0026648936,0.010618005,13.0,9.28304,0.3467742,3.1425018,-0.07568504,-0.0062655034,-0.009821838,0.559291,-0.16422696,0.7705367,2016-12-08 23:51:44,NaN
9.193734,0.35434186,3.1124623,-0.005146376,-0.0044052545,0.0013387573,13.0,9.286723,0.3518027,3.1310358,-0.106609315,0.0023263453,-0.0392169,0.55953526,-0.1651723,0.76968825,2016-12-08 23:51:45,NaN
9.232041,0.35434186,3.074155,-0.45973817,-0.020220885,-0.15095136,13.0,9.287145,0.3495324,3.1300418,-0.052549403,0.0045966282,-0.038223058,0.5641854,-0.14868481,0.7769964,2016-12-08 23:51:46,NaN
9.222465,0.34476504,3.1028855,-0.034564693,-0.010133663,-0.00784718,13.0,9.286643,0.3479245,3.13171,-0.06566764,-0.0074158167,-0.039891306,0.5607691,-0.16082689,0.77179813,2016-12-08 23:51:47,NaN
9.203311,0.36391866,3.083732,-0.35085607,-0.021240842,-0.1163241,13.0,9.291569,0.34879482,3.1169667,-0.0705932,-0.008286131,-0.025148055,0.56494933,-0.1480247,0.7769627,2016-12-08 23:51:48,NaN
9.184157,0.33518824,3.1411927,0.050575543,0.0046619596,0.02060248,13.0,9.286308,0.3497558,3.1324959,-0.10619449,-0.022867458,-0.01343621,0.55932355,-0.16566345,0.76955205,2016-12-08 23:51:49,NaN
9.222465,0.35434186,3.1124623,0.057789914,0.002382453,0.0143908365,13.0,9.284784,0.34849295,3.1371531,-0.077429146,-0.021604631,-0.018093474,0.55984724,-0.16315895,0.7708528,2016-12-08 23:51:50,NaN
9.212888,0.37349546,3.122039,0.02333343,0.015565459,-2.215561E-4,13.0,9.2855625,0.3458094,3.1351469,-0.091827616,0.008319642,-0.029707637,0.5598872,-0.16333531,0.7707983,2016-12-08 23:51:51,NaN
9.203311,0.35434186,3.0933087,-0.081620365,-0.006092134,-0.024426531,13.0,9.286392,0.35374662,3.1318014,-0.065416574,-0.01323794,-0.053602684,0.56047094,-0.16184841,0.77117836,2016-12-08 23:51:52,NaN
9.212888,0.35434186,3.0933087,-0.047764324,0.002511742,-0.018939713,13.0,9.285936,0.3529916,3.1332374,-0.07858136,0.0011374276,-0.04141865,0.5596046,-0.1645967,0.7699736,2016-12-08 23:51:53,NaN
9.222465,0.33518824,3.0933087,0.37046942,0.010564436,0.12444509,13.0,9.292437,0.34308863,3.1150134,-0.057840757,-0.0025799498,-0.023194453,0.5626921,-0.15670379,0.773356,2016-12-08 23:51:54,NaN
9.212888,0.33518824,3.074155,0.08443839,-0.0027627852,0.03334466,13.0,9.283294,0.3541074,3.1409304,-0.062318247,-0.027219081,-0.049111683,0.5616089,-0.15637283,0.7738412,2016-12-08 23:51:55,NaN
9.222465,0.33518824,3.1028855,-0.3249668,-0.0020498957,-0.10753016,11.0,9.282627,0.34637696,3.1437645,-0.0752727,-0.01948861,-0.011084613,0.5651629,-0.1424907,0.7799684,2016-12-08 23:51:56,NaN
9.212888,0.34476504,3.1124623,-0.034341164,-0.0015309664,-0.012388954,13.0,9.285871,0.35436353,3.1332777,-0.078515686,-2.3448422E-4,-0.027838621,0.5605054,-0.16149607,0.771357,2016-12-08 23:51:57,NaN
9.212888,0.34476504,3.1124623,0.17559603,0.012534339,0.058630656,11.0,9.284967,0.35632947,3.1357284,-0.07761287,-0.0158208,-0.030288937,0.5605589,-0.16092284,0.7716219,2016-12-08 23:51:58,NaN
9.212888,0.33518824,3.0933087,-0.11487909,-0.0028856765,-0.03722719,11.0,9.290592,0.34855992,3.1199045,-0.08323758,-0.008051231,-0.028085733,0.56741315,-0.1377374,0.78118616,2016-12-08 23:51:59,NaN
9.203311,0.33518824,3.0933087,0.0,-0.0,0.0,11.0,9.2943535,0.34687412,3.1088707,-0.08699847,-0.006365418,-0.017051829,0.56039506,-0.16567788,0.7690668,2016-12-08 23:52:00,NaN
9.222465,0.37349546,3.1124623,0.10220804,0.009997744,0.031133397,13.0,9.286024,0.35683802,3.1325388,-0.07866948,-0.0027089862,-0.013479438,0.5602552,-0.16247742,0.77082425,2016-12-08 23:52:01,NaN
9.203311,0.35434186,3.1124623,-0.022370357,-0.011743471,-0.010037724,11.0,9.286532,0.34819004,3.1320076,-0.07917742,0.0059389765,-0.040188503,0.5609739,-0.16006383,0.7721415,2016-12-08 23:52:02,NaN
9.222465,0.34476504,3.1028855,-0.025028726,-0.0028085648,-0.005766044,11.0,9.281466,0.34916022,3.1468837,-0.074110515,-0.008651521,-0.055064976,0.5586138,-0.1658442,0.769824,2016-12-08 23:52:03,NaN
9.212888,0.33518824,3.122039,-0.006090602,0.0031675647,7.448644E-4,11.0,9.28582,0.35627457,3.1332133,-0.09208532,-0.002145533,-0.0141538475,0.55950487,-0.16493908,0.7697229,2016-12-08 23:52:04,NaN
9.222465,0.33518824,3.1124623,-0.005711868,-0.011268254,-0.0027007489,11.0,9.290655,0.35237938,3.1192882,-0.069680415,-0.0118706785,-0.0274691,0.5593877,-0.16746941,0.7683246,2016-12-08 23:52:05,NaN
9.222465,0.37349546,3.1028855,0.0024904388,0.0064227795,4.7890795E-4,11.0,9.292032,0.34707317,3.115778,-0.08467743,-0.006564493,-0.02395906,0.5607589,-0.1633679,0.7702865,2016-12-08 23:52:06,NaN
9.212888,0.34476504,3.0933087,-0.07725126,-6.3338777E-4,-0.023760136,11.0,9.29204,0.34388143,3.1161115,-0.08468491,-0.03061344,-0.024292834,0.56046826,-0.16431028,0.7699513,2016-12-08 23:52:07,NaN
9.203311,0.35434186,3.1124623,0.37734193,0.016267905,0.1229102,11.0,9.284715,0.3424443,3.1380215,-0.077360146,0.011684722,-0.032582134,0.56274086,-0.1527357,0.7756595,2016-12-08 23:52:08,NaN
9.232041,0.34476504,3.083732,0.009809414,-0.0018112145,0.0044389414,11.0,9.291267,0.352098,3.1174917,-0.08391261,-0.011589304,-0.039293174,0.5615772,-0.16025983,0.7715974,2016-12-08 23:52:09,NaN
9.203311,0.33518824,3.1124623,-0.2594897,-0.009216785,-0.08875498,13.0,9.292031,0.34847578,3.115623,-0.08467659,0.005653262,-0.023804225,0.5615237,-0.16074371,0.7714333,2016-12-08 23:52:10,NaN
9.232041,0.35434186,3.0933087,-0.06661502,-0.010068693,-0.02107203,11.0,9.292715,0.35424978,3.1129334,-0.058119245,-1.2074923E-4,-0.04835518,0.5597398,-0.16726002,0.7682206,2016-12-08 23:52:11,NaN
9.212888,0.33518824,3.0933087,-0.07627292,-0.0019808284,-0.024816401,11.0,9.290602,0.34910873,3.1198137,-0.08324672,-0.022220405,-0.02799491,0.56019443,-0.16466942,0.7697295,2016-12-08 23:52:12,NaN
9.222465,0.35434186,3.074155,0.16907884,0.01046926,0.06106178,11.0,9.297355,0.35354206,3.0991268,-0.07638002,5.869639E-4,-0.034548827,0.5626733,-0.15933388,0.77152795,2016-12-08 23:52:13,NaN
9.193734,0.35434186,3.122039,0.008723815,0.003660705,-0.0024211013,11.0,9.286705,0.35399097,3.1308432,-0.09297068,0.013758425,-0.025403894,0.5590785,-0.16674162,0.7688915,2016-12-08 23:52:14,NaN
9.222465,0.37349546,3.064578,-0.008446125,-1.8635309E-4,-3.922233E-4,11.0,9.29354,0.34929568,3.111027,-0.07256509,0.0048333467,-0.019208273,0.5596535,-0.16783835,0.7680446,2016-12-08 23:52:15,NaN
9.212888,0.36391866,3.0933087,0.25550765,0.012128861,0.08440312,11.0,9.290391,0.35282078,3.1200235,-0.0830364,0.001308264,-0.02820461,0.56061316,-0.1632053,0.7703036,2016-12-08 23:52:16,NaN
9.212888,0.36391866,3.1028855,-0.09263443,-0.007928884,-0.033986468,11.0,9.289904,0.35076064,3.1217058,-0.08254925,0.003368405,-0.029886995,0.56019306,-0.16438088,0.7698615,2016-12-08 23:52:17,NaN
9.222465,0.36391866,3.0933087,-0.11929744,8.2971936E-4,-0.042860918,11.0,9.290594,0.35134122,3.119583,-0.08323924,0.0027878317,-5.23316E-4,0.55905235,-0.16854078,0.7678574,2016-12-08 23:52:18,NaN
9.232041,0.34476504,3.0933087,0.23927617,0.010473021,0.0817306,11.0,9.295474,0.35375932,3.104738,-0.0608784,3.697036E-4,-0.040159825,0.5610061,-0.16423897,0.7694398,2016-12-08 23:52:19,NaN
9.212888,0.33518824,3.0933087,-0.27581328,-0.007068549,-0.088353075,11.0,9.294017,0.34853852,3.1096873,-0.08666262,0.005590497,-0.0042480454,0.56125045,-0.16262849,0.7704372,2016-12-08 23:52:20,NaN
9.212888,0.34476504,3.1028855,-0.0061346,0.011829825,-0.003627228,11.0,9.290574,0.3510202,3.1196828,-0.08321929,-0.010511522,-6.232822E-4,0.5602231,-0.1645918,0.769709,2016-12-08 23:52:21,NaN
9.203311,0.35434186,3.1316159,-0.19794859,-0.006382964,-0.065305,11.0,9.28066,0.3547839,3.1486335,-0.07330414,-6.5487233E-4,-0.04319435,0.56093526,-0.15753093,0.7734976,2016-12-08 23:52:22,NaN
9.203311,0.35434186,3.1124623,0.004556909,-0.010995404,0.001177654,11.0,9.28418,0.3572427,3.1379585,-0.06320443,-0.003113683,-0.046139512,0.5583559,-0.16806911,0.76834196,2016-12-08 23:52:23,NaN
9.193734,0.35434186,3.1028855,0.07242106,0.0037739384,0.02556871,11.0,9.283481,0.3580553,3.1399322,-0.06250529,-0.003926247,-0.04811327,0.5618417,-0.15569846,0.7740085,2016-12-08 23:52:24,NaN
9.203311,0.34476504,3.1028855,-0.056046564,-5.2410836E-4,-0.014839747,11.0,9.293612,0.34803107,3.1109557,-0.086256936,-0.007522381,-0.019136779,0.5616316,-0.16110653,0.7711696,2016-12-08 23:52:25,NaN
9.232041,0.33518824,3.1028855,0.0,0.0,-0.0,11.0,9.288591,0.35849702,3.1247296,-0.0539959,-0.0043679895,-0.032910712,0.56004673,-0.1644106,0.76970446,2016-12-08 23:52:26,NaN
9.222465,0.34476504,3.122039,0.05451398,0.0038987848,0.017412959,13.0,9.287939,0.34382674,3.1283162,-0.080584005,-0.003318058,-0.036497235,0.5579557,-0.17083837,0.7671853,2016-12-08 23:52:27,NaN
9.193734,0.36391866,3.0933087,-0.10026389,-0.0062825982,-0.031907506,13.0,9.293018,0.3406775,3.1135437,-0.08566337,-1.6880993E-4,-0.008104331,0.5604076,-0.16491446,0.76970154,2016-12-08 23:52:28,NaN
9.212888,0.33518824,3.074155,-0.13685009,-0.0038198729,-0.04806448,13.0,9.291769,0.34459192,3.1168396,-0.0844139,0.009537111,-0.03864121,0.5613832,-0.16104133,0.77143425,2016-12-08 23:52:29,NaN
9.222465,0.34476504,3.0933087,0.2500802,0.01075897,0.08979559,13.0,9.288135,0.34648788,3.1274405,-0.067159854,-0.0059791915,-0.035621647,0.5609147,-0.16099565,0.77165836,2016-12-08 23:52:30,NaN
9.222465,0.35434186,3.0933087,0.22201614,0.001454109,0.07542246,13.0,9.295894,0.34295142,3.1046956,-0.088538915,-0.016063077,-0.040117424,0.5610904,-0.16395783,0.769866,2016-12-08 23:52:31,NaN
9.212888,0.33518824,3.1316159,0.05552061,0.004897806,0.015209964,11.0,9.2932825,0.34775853,3.11197,-0.08592773,0.0063705095,-0.020151198,0.56434053,-0.1511736,0.77554166,2016-12-08 23:52:32,NaN
9.212888,0.35434186,3.1028855,0.005738986,0.006141675,9.3244115E-4,11.0,9.291563,0.35230595,3.1165924,-0.08420773,0.0018230849,-0.024773546,0.5600709,-0.16558568,0.7691407,2016-12-08 23:52:33,NaN
9.212888,0.34476504,3.083732,0.030039268,-0.009190131,0.010483807,11.0,9.29128,0.34360346,3.1184044,-0.05668439,-0.003094771,-0.040205963,0.5596125,-0.16685173,0.7688391,2016-12-08 23:52:34,NaN
9.193734,0.35434186,3.083732,-0.32183886,-0.007370894,-0.10947933,11.0,9.291538,0.35099083,3.1168163,-0.09780314,0.0031382071,-0.024997378,0.5623044,-0.15779859,0.77270764,2016-12-08 23:52:35,NaN
9.222465,0.34476504,3.074155,0.048973437,0.004061277,0.019961318,11.0,9.296622,0.35147372,3.1015546,-0.07564763,-0.010965033,-0.009735797,0.5601043,-0.16777328,0.7677909,2016-12-08 23:52:36,NaN
9.193734,0.36391866,3.122039,-0.3228567,-0.004438922,-0.108046964,11.0,9.287037,0.35331538,3.1299374,-0.07968203,8.136285E-4,0.0027425247,0.56192887,-0.15701437,0.7733115,2016-12-08 23:52:37,NaN
9.203311,0.33518824,3.122039,-0.082136735,-0.0074189543,-0.027933411,11.0,9.290273,0.34867766,3.1208386,-0.08291835,-0.021789314,-0.029019928,0.5600777,-0.16490741,0.76965606,2016-12-08 23:52:38,NaN
9.212888,0.33518824,3.1124623,0.057394132,0.0075635486,0.01855277,11.0,9.293073,0.3476602,3.11261,-0.07209706,-0.020771882,-0.020791315,0.5614253,-0.16156308,0.7710137,2016-12-08 23:52:39,NaN
9.203311,0.33518824,3.083732,0.26143426,0.006251031,0.086502306,11.0,9.295279,0.34509185,3.1062994,-0.07430338,-0.018203493,-0.014480764,0.5615103,-0.1622621,0.7706163,2016-12-08 23:52:40,NaN
9.212888,0.33518824,3.1124623,0.1047336,0.015248587,0.033890452,11.0,9.288299,0.35064444,3.1264923,-0.08094397,-0.023756089,-0.021052973,0.5589511,-0.16783048,0.7683732,2016-12-08 23:52:41,NaN
9.222465,0.36391866,3.074155,-0.077077165,-0.0066474034,-0.024882732,11.0,9.290152,0.35666066,3.1202986,-0.06917663,-0.0025316293,-0.05572047,0.559835,-0.16581276,0.7690013,2016-12-08 23:52:42,NaN
9.212888,0.36391866,3.122039,-0.038073085,-0.004009251,-0.01584242,11.0,9.29623,0.34761336,3.1031687,-0.0888756,-0.007104695,-0.011349806,0.5612079,-0.1637931,0.76977617,2016-12-08 23:52:43,NaN
9.212888,0.35434186,3.083732,-0.062835395,-0.006326848,-0.018732784,11.0,9.295491,0.35089463,3.1050134,-0.088136554,-0.024006287,-0.013194504,0.56027377,-0.16667856,0.7683993,2016-12-08 23:52:44,NaN
9.222465,0.36391866,3.083732,-0.11813882,-0.0067324806,-0.03988314,13.0,9.292815,0.3528065,3.1127996,-0.112700395,-0.012297821,-0.020980855,0.5605564,-0.16452336,0.7695274,2016-12-08 23:52:45,NaN
9.212888,0.34476504,3.0933087,0.05645335,6.178862E-4,0.020895245,13.0,9.2937765,0.33895347,3.1114686,-0.086421534,-0.012065129,-0.019649705,0.56021017,-0.16590288,0.7692449,2016-12-08 23:52:46,NaN
9.212888,0.34476504,3.1028855,0.06729797,0.008234449,0.026383583,13.0,9.288961,0.343961,3.1252635,-0.095226884,-0.030693011,-0.033444628,0.5605998,-0.16243085,0.77102554,2016-12-08 23:52:47,NaN
9.232041,0.36391866,3.1028855,0.013683176,-9.415644E-4,0.0016183436,13.0,9.288657,0.34971386,3.1255283,-0.08130227,0.018035514,-0.020089056,0.5604682,-0.16284293,0.7706862,2016-12-08 23:52:48,NaN
9.241618,0.36391866,3.074155,-0.10185774,0.0017450675,-0.033015147,13.0,9.294236,0.35289136,3.1085422,-0.05964056,-0.0123826675,-0.01672325,0.561533,-0.16183074,0.7706522,2016-12-08 23:52:49,NaN
9.212888,0.35434186,3.1028855,0.07382398,0.0075818044,0.020716844,13.0,9.290207,0.35538715,3.1202807,-0.082852684,-0.001258125,-0.042082045,0.56094414,-0.16202359,0.7707779,2016-12-08 23:52:50,NaN
9.203311,0.35434186,3.083732,-0.03431687,-0.0055106482,-0.008913295,13.0,9.290238,0.343456,3.1215231,-0.11012413,0.010673032,-0.016083963,0.5609851,-0.16168585,0.7712872,2016-12-08 23:52:51,NaN
9.212888,0.35434186,3.0933087,-0.008580919,-0.0066212355,-0.0013177056,13.0,9.28801,0.34205872,3.1283,-0.080654666,-0.01517037,-0.03648123,0.559956,-0.16416548,0.7703584,2016-12-08 23:52:52,NaN
9.222465,0.32561144,3.0933087,0.009472837,-0.0031684898,0.010714607,13.0,9.292435,0.35111195,3.1141262,-0.08507979,-0.01060328,-0.03592778,0.5633986,-0.15429132,0.7741729,2016-12-08 23:52:53,NaN
9.212888,0.35434186,3.083732,0.06995558,0.0042953035,0.02390436,13.0,9.292648,0.3466534,3.1139882,-0.085293435,0.0074756457,-0.022169227,0.5599196,-0.16649587,0.768815,2016-12-08 23:52:54,NaN
9.203311,0.34476504,3.122039,0.06517868,0.0054166038,0.021608993,13.0,9.288238,0.35755,3.1258936,-0.08088245,-0.017041307,-0.0068338667,0.55976707,-0.16518053,0.7694022,2016-12-08 23:52:55,NaN
9.212888,0.34476504,3.0933087,-0.0830964,-0.008493487,-0.02256633,13.0,9.286521,0.3377882,3.1331804,-0.079166606,0.0027204948,-0.041361496,0.5595991,-0.16462407,0.7703819,2016-12-08 23:52:56,NaN
9.222465,0.34476504,3.0933087,0.13246067,0.0059990305,0.046213914,13.0,9.292052,0.34025577,3.1164703,-0.08469738,2.529291E-4,-0.05189204,0.5634805,-0.15360305,0.77481115,2016-12-08 23:52:57,NaN
9.203311,0.34476504,3.1028855,-0.030790713,-8.196511E-4,-0.0072538867,13.0,9.286621,0.34080547,3.1325574,-0.065646015,-2.9678125E-4,-0.027118282,0.5611739,-0.15927283,0.77270854,2016-12-08 23:52:58,NaN
9.193734,0.34476504,3.1124623,-0.047902413,-0.013666885,-0.015380262,13.0,9.290838,0.34012565,3.120103,-0.09710317,-0.026857665,-0.0010433067,0.56021684,-0.1645485,0.770041,2016-12-08 23:52:59,NaN
9.212888,0.34476504,3.122039,-0.056643635,-0.005796633,-0.020142341,13.0,9.28837,0.34260476,3.1271698,-0.08101547,0.011524277,-0.021730704,0.55975693,-0.16501781,0.7699243,2016-12-08 23:53:00,NaN
9.184157,0.35434186,3.0933087,-0.05057185,-0.005805793,-0.020319015,13.0,9.287805,0.34239852,3.1288755,-0.10769003,0.011730523,0.003804536,0.55943304,-0.1658507,0.7695852,2016-12-08 23:53:01,NaN
9.203311,0.34476504,3.1411927,0.0,0.0,-0.0,13.0,9.291779,0.334608,3.1178973,-0.11166457,0.005900684,-0.012457954,0.55945694,-0.16744958,0.76880103,2016-12-08 23:53:02,NaN
9.232041,0.34476504,3.122039,-0.02895111,-0.0048184297,-0.008273406,13.0,9.287364,0.34093773,3.1303399,-0.08000874,-4.2906508E-4,-0.038520876,0.5602622,-0.16279836,0.77106285,2016-12-08 23:53:03,NaN
9.203311,0.35434186,3.1316159,0.3263628,0.014455471,0.11062178,13.0,9.285528,0.35224837,3.1345294,-0.10541387,-0.025360014,-0.029090174,0.56258565,-0.15388598,0.77482086,2016-12-08 23:53:04,NaN
9.203311,0.34476504,3.0933087,-0.031152908,-0.0054415762,-0.012012316,13.0,9.287213,0.33696726,3.1312182,-0.079858266,0.01716177,-0.039399166,0.55987567,-0.1639864,0.7706506,2016-12-08 23:53:05,NaN
9.212888,0.34476504,3.083732,-0.056676824,0.0023520794,-0.020153899,13.0,9.290258,0.3451548,3.121272,-0.06928387,-0.0046460917,-0.029453253,0.5615807,-0.15964511,0.77215195,2016-12-08 23:53:06,NaN
9.203311,0.35434186,3.1124623,0.093063526,0.008838985,0.029485583,13.0,9.284484,0.34603563,3.1383138,-0.07712904,0.008093394,-0.005633856,0.558796,-0.16654636,0.7693823,2016-12-08 23:53:07,NaN
9.222465,0.34476504,3.0933087,0.21782298,0.0067217164,0.07455497,13.0,9.292184,0.34242773,3.1158404,-0.07120838,-0.0019190504,-0.024021614,0.5672287,-0.13924073,0.7806398,2016-12-08 23:53:08,NaN
9.212888,0.36391866,3.122039,-0.17988095,-0.0017994619,-0.06743841,13.0,9.283705,0.3502127,3.1401553,-0.07635009,0.003916349,0.0061449097,0.56259567,-0.1529142,0.7754329,2016-12-08 23:53:09,NaN
9.232041,0.33518824,3.1028855,-0.2881767,-0.021857042,-0.09506692,13.0,9.28496,0.35269082,3.136166,-0.07760456,0.0014382356,-0.05796753,0.56540245,-0.14289922,0.77945447,2016-12-08 23:53:10,NaN
9.212888,0.35434186,3.1028855,0.05639548,-0.004092016,0.019470364,13.0,9.287831,0.34609893,3.1283844,-0.08047677,0.021650458,-0.03656561,0.5603602,-0.16276748,0.77088827,2016-12-08 23:53:11,NaN
9.203311,0.35434186,3.1028855,-0.012763909,0.0067788507,-0.0054358477,13.0,9.288092,0.34903368,3.1272886,-0.08073697,-0.022145351,-0.008228822,0.5596056,-0.16551214,0.7695195,2016-12-08 23:53:12,NaN
9.203311,0.33518824,3.1124623,-0.026945973,0.0039113695,-0.0067377575,13.0,9.289232,0.3386664,3.1250353,-0.08187754,-0.011778065,-0.019596083,0.5600243,-0.16443916,0.77024883,2016-12-08 23:53:13,NaN
9.222465,0.34476504,3.0933087,-0.030026525,-0.0016950526,-0.0070149605,13.0,9.289865,0.34639147,3.1223104,-0.05526865,-0.0058827843,-0.057732265,0.559882,-0.16534388,0.76955307,2016-12-08 23:53:14,NaN
9.232041,0.34476504,3.083732,0.0,0.0,0.0,11.0,9.289285,0.34481838,3.1242123,-0.06830873,0.009310654,-0.05963412,0.55951905,-0.16627702,0.76920956,2016-12-08 23:53:15,NaN
9.212888,0.34476504,3.1028855,-0.17253624,-0.008104157,-0.058531005,13.0,9.292308,0.34109715,3.1156144,-0.08495343,-5.884447E-4,-0.037416052,0.5623191,-0.15794033,0.7728802,2016-12-08 23:53:16,NaN
9.222465,0.34476504,3.1028855,0.271227,0.008087831,0.089768,13.0,9.293934,0.3484913,3.109943,-0.07295831,-0.007982621,-0.031744372,0.5662948,-0.14403899,0.7784288,2016-12-08 23:53:17,NaN
9.212888,0.35434186,3.083732,0.107207745,-3.6950037E-4,0.035523124,13.0,9.291822,0.3419126,3.116973,-0.070847586,-0.0014038917,-0.025154082,0.5610971,-0.16201465,0.77107155,2016-12-08 23:53:18,NaN
9.203311,0.34476504,3.1124623,0.025678039,7.3964114E-4,0.014907734,13.0,9.285629,0.35226634,3.1342301,-0.06465343,-0.011757671,-0.028790899,0.56010735,-0.16272216,0.77087873,2016-12-08 23:53:19,NaN
9.203311,0.35434186,3.1124623,0.046866328,-0.0032275491,0.017220069,13.0,9.283753,0.34673733,3.1403928,-0.07639914,0.007391708,-0.021333128,0.56029224,-0.16111238,0.7719101,2016-12-08 23:53:20,NaN
9.232041,0.35434186,3.0933087,-0.045572598,-0.010896156,-0.016851436,13.0,9.28997,0.34854957,3.1217532,-0.05537506,0.005579456,-0.02993438,0.5604822,-0.16338475,0.77038074,2016-12-08 23:53:21,NaN
9.212888,0.35434186,3.1028855,-0.17557062,-0.007270323,-0.05479356,13.0,9.290672,0.34261078,3.1203246,-0.06969704,0.01151825,-0.042126313,0.5623341,-0.15712461,0.7733139,2016-12-08 23:53:22,NaN
9.232041,0.33518824,3.0933087,0.1280513,0.00615283,0.04247717,13.0,9.296814,0.34685662,3.1015077,-0.08945917,-0.006347934,-0.009688827,0.564051,-0.15399233,0.77410185,2016-12-08 23:53:23,NaN
9.203311,0.35434186,3.1028855,-0.21770754,-1.9770282E-4,-0.07455528,13.0,9.285148,0.36041152,3.13473,-0.07779326,-0.006282493,-0.0020500352,0.5622703,-0.15500125,0.7741246,2016-12-08 23:53:24,NaN
9.232041,0.36391866,3.122039,0.012563655,-0.0017661041,0.0024348507,13.0,9.2847805,0.3509722,3.136888,-0.05018513,0.0031568338,-0.045068976,0.5602636,-0.1617653,0.7714141,2016-12-08 23:53:25,NaN
9.212888,0.34476504,3.1316159,-0.009260164,0.001139437,-0.005671009,13.0,9.284681,0.33678672,3.1387343,-0.077326894,-0.023518719,-0.04691534,0.55994326,-0.1625814,0.77147627,2016-12-08 23:53:26,NaN
9.203311,0.34476504,3.1124623,0.050764848,0.0052082576,0.017450413,13.0,9.283982,0.3496512,3.1393962,-0.07662776,0.018098202,-0.03395693,0.5617139,-0.15624632,0.77397823,2016-12-08 23:53:27,NaN
9.222465,0.34476504,3.1028855,-0.2202399,-0.004510156,-0.07623712,11.0,9.286239,0.34283468,3.1334684,-0.065263614,-0.0023260075,-0.041649546,0.5615728,-0.15771356,0.77336866,2016-12-08 23:53:28,NaN
9.212888,0.34476504,3.0933087,-0.03502885,-0.008078719,-0.015283826,13.0,9.291516,0.3421444,3.1178637,-0.08416118,-0.0016357001,-0.026044633,0.5609595,-0.16235022,0.7709345,2016-12-08 23:53:29,NaN
9.212888,0.35434186,3.1316159,0.0,-0.0,-0.0,13.0,9.289888,0.35118878,3.1217043,-0.0689131,-0.010680099,-0.029885538,0.56125015,-0.1607347,0.7715101,2016-12-08 23:53:30,NaN
9.222465,0.36391866,3.1124623,0.050678104,0.004583363,0.014968904,13.0,9.291763,0.35120502,3.1161187,-0.070787735,0.0029240125,-0.0242999,0.5614911,-0.1607795,0.771355,2016-12-08 23:53:31,NaN
9.212888,0.34476504,3.1028855,-0.051327407,-9.367241E-4,-0.016532794,11.0,9.299238,0.3532405,3.0935066,-0.09188331,8.885253E-4,-0.0016877875,0.56163186,-0.16384356,0.7693672,2016-12-08 23:53:32,NaN
9.222465,0.35434186,3.083732,-0.026918931,0.0040109856,-0.010843942,13.0,9.287235,0.35261133,3.12943,-0.06625953,0.0015177046,-0.037611205,0.5605723,-0.16187072,0.77114266,2016-12-08 23:53:33,NaN
9.203311,0.38307226,3.1028855,0.016962206,0.002496896,0.003999148,13.0,9.288046,0.355848,3.1266553,-0.10793194,-0.0017189881,-0.021216119,0.5622085,-0.15654585,0.7733705,2016-12-08 23:53:34,NaN
9.212888,0.35434186,3.0933087,0.19049214,0.007858064,0.062429227,13.0,9.296243,0.35312706,3.1025124,-0.08888723,0.0010019745,-0.010693269,0.56167597,-0.16228351,0.77029574,2016-12-08 23:53:35,NaN
9.232041,0.35434186,3.1028855,0.038928147,0.0034037915,0.009708857,13.0,9.290949,0.35892949,3.1176662,-0.05635352,-0.0048004314,-0.012227055,0.56066424,-0.16339794,0.76999044,2016-12-08 23:53:36,NaN
9.232041,0.35434186,3.1028855,0.026744692,-6.233774E-4,0.010899473,13.0,9.28671,0.3537355,3.130857,-0.05211462,3.9352613E-4,-0.025417818,0.56042993,-0.16213894,0.77102387,2016-12-08 23:53:37,NaN
9.212888,0.35434186,3.1316159,-0.010798739,-0.0040252083,-0.0031993897,13.0,9.287574,0.3526374,3.12842,-0.0938394,0.001491622,-0.022980804,0.5594703,-0.16579488,0.76931405,2016-12-08 23:53:38,NaN
9.203311,0.34476504,3.1124623,-0.041723292,-0.0016684164,-0.013695852,13.0,9.288875,0.34146804,3.1257968,-0.08152007,-9.593693E-4,-0.02035778,0.5600688,-0.1641698,0.7703131,2016-12-08 23:53:39,NaN
9.203311,0.31603462,3.083732,-0.015327821,-0.0031527,-0.006420341,13.0,9.291372,0.34014,3.1185083,-0.08401736,-0.026872031,-0.040309876,0.5597582,-0.16634645,0.7691733,2016-12-08 23:53:40,NaN
9.203311,0.38307226,3.1124623,0.019144082,0.0011320399,0.003700317,11.0,9.285958,0.35197714,3.1332862,-0.07860297,0.0021518979,-0.027847141,0.5598191,-0.16385798,0.7703435,2016-12-08 23:53:41,NaN
9.203311,0.35434186,3.1316159,-0.01088172,0.0039046463,-0.0030648115,13.0,9.289329,0.35695565,3.1227167,-0.10921384,-0.0028266183,-0.017277531,0.5600262,-0.16479212,0.7695234,2016-12-08 23:53:42,NaN
9.203311,0.34476504,3.1028855,-0.24023135,-0.011037669,-0.07508303,13.0,9.28926,0.34988832,3.1237216,-0.08190497,-0.009379654,-0.031902738,0.5628991,-0.15452877,0.77433825,2016-12-08 23:53:43,NaN
9.212888,0.36391866,3.122039,0.0032293992,-0.0018481205,-0.003161849,13.0,9.292232,0.33858138,3.1161184,-0.08487695,0.015547659,0.0029412103,0.5604095,-0.16450982,0.7700066,2016-12-08 23:53:44,NaN
9.203311,0.35434186,3.1124623,-0.18468507,-0.0028708046,-0.06311655,13.0,9.293346,0.3467306,3.111893,-0.08599174,0.0073984363,-0.0200743,0.56215286,-0.15912831,0.77211267,2016-12-08 23:53:45,NaN
9.212888,0.35434186,3.0933087,0.23118757,0.005603403,0.075493805,13.0,9.293798,0.34434724,3.110807,-0.08644398,-0.01745889,-0.01898818,0.5629991,-0.15628478,0.773403,2016-12-08 23:53:46,NaN
9.222465,0.33518824,3.1124623,0.41003427,0.016860444,0.13797757,13.0,9.293336,0.34739918,3.11185,-0.07236059,-0.0068905004,-0.020031072,0.5650312,-0.14859205,0.7766331,2016-12-08 23:53:47,NaN
9.203311,0.36391866,3.1411927,-0.05101794,-0.011134599,-0.015919484,11.0,9.291609,0.34214684,3.117586,-0.08425429,-0.0016381681,-0.012146626,0.56075853,-0.16308668,0.77059346,2016-12-08 23:53:48,NaN
9.222465,0.35434186,3.1028855,0.006877658,3.5202647E-5,6.1669166E-4,11.0,9.287576,0.34957153,3.1287575,-0.08022072,0.0045575043,-0.036938667,0.56006694,-0.16371572,0.7703678,2016-12-08 23:53:49,NaN
9.203311,0.36391866,3.1124623,0.24025944,0.0051221168,0.08651032,11.0,9.284495,0.3501004,3.1378303,-0.10438054,-0.009591718,-0.018770583,0.5592318,-0.16515137,0.76990604,2016-12-08 23:53:50,NaN
9.203311,0.34476504,3.1028855,0.054170985,0.003737867,0.018485649,11.0,9.287765,0.3483762,3.1283338,-0.09402978,0.0057528126,-0.009274206,0.5606213,-0.16187395,0.771231,2016-12-08 23:53:51,NaN
9.203311,0.33518824,3.1316159,-0.01961838,0.00432676,-0.0013076747,11.0,9.285168,0.3512259,3.135715,-0.09143357,-0.037957918,-0.016655497,0.5592646,-0.16536658,0.7697248,2016-12-08 23:53:52,NaN
9.203311,0.36391866,3.122039,0.41542122,0.007719751,0.13394038,13.0,9.286426,0.3519928,3.1319,-0.09269135,0.0021362326,-0.040081058,0.56454694,-0.14698417,0.77768975,2016-12-08 23:53:53,NaN
9.184157,0.35434186,3.0933087,-0.13577783,-0.0033749838,-0.042927373,11.0,9.283909,0.35194123,3.1393595,-0.103794456,-0.01143252,-0.020300005,0.560339,-0.16111304,0.77174276,2016-12-08 23:53:54,NaN
9.232041,0.33518824,3.074155,0.008379214,3.1981457E-4,-0.0011009395,11.0,9.289017,0.3525229,3.1241422,-0.08166223,0.0016061103,-0.032323178,0.5606457,-0.16244856,0.7707556,2016-12-08 23:53:55,NaN
9.212888,0.35434186,3.122039,-0.022305489,-6.957876E-4,-0.008613114,11.0,9.289312,0.34987006,3.123567,-0.08195735,0.0042589563,-0.018127972,0.56054205,-0.16289568,0.7706109,2016-12-08 23:53:56,NaN
9.212888,0.34476504,3.1028855,0.4059084,0.0026831732,0.13401172,11.0,9.291238,0.35236365,3.1175554,-0.08388269,-0.025475308,-0.025736628,0.56484956,-0.14830387,0.7767707,2016-12-08 23:53:57,NaN
9.184157,0.35434186,3.122039,-0.09530353,0.0016733184,-0.029671805,11.0,9.2853985,0.35338438,3.1347864,-0.07804349,7.446549E-4,-0.042967398,0.56037587,-0.1617075,0.77132386,2016-12-08 23:53:58,NaN
9.212888,0.35434186,3.1028855,-0.04641569,-1.7183994E-4,-0.015924422,13.0,9.296416,0.35229123,3.102086,-0.10268216,0.0018377888,-0.010267218,0.56427926,-0.15305753,0.77437603,2016-12-08 23:53:59,NaN
9.193734,0.36391866,3.1124623,0.16533083,0.005980943,0.05941203,11.0,9.288598,0.3619374,3.1243172,-0.08124325,-0.007808381,-0.018878032,0.56153023,-0.15933596,0.7719098,2016-12-08 23:54:00,NaN
9.203311,0.37349546,3.122039,0.05905205,-0.0046784454,0.020026118,13.0,9.287554,0.35049802,3.1287193,-0.05295841,0.017251346,-0.036900423,0.5621993,-0.15624237,0.7736967,2016-12-08 23:54:01,NaN
9.212888,0.35434186,3.074155,-0.2500311,-0.010147907,-0.08019631,13.0,9.286622,0.35461858,3.1310186,-0.0792672,-4.895436E-4,-0.02557951,0.5602082,-0.16287799,0.7706662,2016-12-08 23:54:02,NaN
9.222465,0.35434186,3.1028855,0.021538429,0.001466914,0.0032835158,13.0,9.290258,0.35572222,3.1200874,-0.08290422,-0.0015931729,-0.028268414,0.5601973,-0.16461714,0.7695762,2016-12-08 23:54:03,NaN
9.222465,0.36391866,3.0933087,0.023069939,5.9334945E-4,0.006295287,13.0,9.29505,0.34885526,3.106565,-0.074074775,0.0052737906,-0.014746163,0.5606249,-0.16525419,0.7691524,2016-12-08 23:54:04,NaN
9.222465,0.34476504,3.1028855,0.26993874,0.013319782,0.090632334,13.0,9.294713,0.3443565,3.1080723,-0.07373809,-0.0038478165,-0.016253345,0.5610944,-0.1634182,0.77015406,2016-12-08 23:54:05,NaN
9.203311,0.36391866,3.1316159,0.074581414,0.007225388,0.019839004,11.0,9.29176,0.34212145,3.1171343,-0.084405586,0.012007561,0.015545685,0.5675756,-0.13758032,0.7813281,2016-12-08 23:54:06,NaN
9.203311,0.37349546,3.122039,-0.18217914,-0.009427404,-0.06258069,13.0,9.286177,0.35282472,3.132544,-0.078821614,0.0013043152,-0.013484427,0.5607144,-0.16088529,0.7716581,2016-12-08 23:54:07,NaN
9.232041,0.36391866,3.1124623,0.02009713,0.0023145687,0.012765299,13.0,9.284176,0.34698784,3.1391234,-0.07682062,-0.0064791525,-0.033684257,0.5597386,-0.16322385,0.7709115,2016-12-08 23:54:08,NaN
9.203311,0.34476504,3.1028855,-0.15804723,-0.0038678497,-0.05252316,13.0,9.28649,0.3589612,3.130915,-0.07913585,-0.018452499,-0.03909615,0.5608443,-0.16069049,0.7715395,2016-12-08 23:54:09,NaN
9.193734,0.34476504,3.1316159,-0.3055178,-0.0082474435,-0.103293724,13.0,9.286612,0.3534003,3.1311877,-0.052015696,-0.012891617,-0.012128128,0.5620591,-0.1563439,0.7736352,2016-12-08 23:54:10,NaN
9.203311,0.35434186,3.1124623,0.20118839,0.012380638,0.069384895,13.0,9.28284,0.34697104,3.1430721,-0.075484686,0.0071580033,-0.037633028,0.5605419,-0.15981461,0.77255327,2016-12-08 23:54:11,NaN
9.222465,0.34476504,3.0933087,0.013179753,-0.011047124,0.0037681921,13.0,9.284072,0.3459265,3.1395454,-0.076716706,-0.0054178163,-0.047726497,0.5589193,-0.1659425,0.7696958,2016-12-08 23:54:12,NaN
9.193734,0.35434186,3.1316159,0.23732993,-0.0014272225,0.080616765,13.0,9.286927,0.3533164,3.1302657,-0.07957229,8.126413E-4,-0.024826333,0.5611665,-0.15966538,0.7721394,2016-12-08 23:54:13,NaN
9.212888,0.34476504,3.083732,0.1005488,-3.5531525E-4,0.034163088,13.0,9.285348,0.3515069,3.1351447,-0.07799362,0.0026221392,-0.043325905,0.56044465,-0.1614122,0.771518,2016-12-08 23:54:14,NaN
9.212888,0.34476504,3.1028855,-0.3023016,-0.0143196955,-0.100868024,13.0,9.290244,0.34671816,3.1211457,-0.08288926,-0.006209467,-0.029326685,0.5659739,-0.14331615,0.7790503,2016-12-08 23:54:15,NaN
9.203311,0.36391866,3.1028855,-0.04405239,-3.7770873E-4,-0.015896501,13.0,9.281736,0.35547426,3.1453784,-0.07438152,-0.0013452317,-0.05355925,0.5594165,-0.16335116,0.77076703,2016-12-08 23:54:16,NaN
9.203311,0.36391866,3.1316159,-0.057201322,0.010102775,-0.01921267,13.0,9.28816,0.34516874,3.1275098,-0.08080597,-0.004660068,0.0051699793,0.5603347,-0.1629922,0.7707906,2016-12-08 23:54:17,NaN
9.193734,0.34476504,3.1028855,0.3761677,0.019916149,0.12130527,11.0,9.289865,0.34498823,3.1224697,-0.08250935,-0.004479542,-0.01703063,0.5652029,-0.14609605,0.7779946,2016-12-08 23:54:18,NaN
9.232041,0.35434186,3.0933087,0.028494526,2.6035497E-5,0.00837919,11.0,9.291571,0.34834555,3.1170106,-0.05697535,0.0057834936,-0.02519149,0.56104404,-0.16219185,0.7708161,2016-12-08 23:54:19,NaN
9.222465,0.35434186,3.1028855,0.50984734,0.022504278,0.17011769,11.0,9.286911,0.35156545,3.1305115,-0.06593531,0.0025635832,-0.038692754,0.5660661,-0.14127123,0.77999246,2016-12-08 23:54:20,NaN
9.222465,0.34476504,3.122039,-0.14978455,-0.0040439283,-0.05034903,11.0,9.282709,0.3556978,3.1424787,-0.075354174,-0.015189101,-0.023419118,0.56131643,-0.15716875,0.7734844,2016-12-08 23:54:21,NaN
9.203311,0.34476504,3.1411927,-0.5138371,-0.013000943,-0.16599591,13.0,9.28068,0.34673357,3.1494694,-0.07332492,-0.0062248725,-0.016789548,0.5632499,-0.14890069,0.777463,2016-12-08 23:54:22,NaN
9.193734,0.36391866,3.1411927,-0.038881276,0.0049243486,-0.012520849,11.0,9.291006,0.34849095,3.1186767,-0.07003123,0.00563809,3.8282288E-4,0.5607368,-0.16299082,0.7704887,2016-12-08 23:54:23,NaN
9.212888,0.35434186,3.1316159,0.009527123,-0.0010010197,0.0018971908,13.0,9.282392,0.35046738,3.1440082,-0.088656954,-0.02357904,-0.038568676,0.55965275,-0.16275433,0.77114683,2016-12-08 23:54:24,NaN
9.203311,0.34476504,3.1316159,0.16086745,0.017960045,0.052381437,11.0,9.290742,0.35343078,3.1189091,-0.08338722,-0.012922091,0.013771024,0.56151116,-0.1602659,0.7715927,2016-12-08 23:54:25,NaN
9.241618,0.36391866,3.0933087,-0.0017360429,-0.004523725,6.032654E-4,11.0,9.2906685,0.34699774,3.119852,-0.06969288,0.007131297,-0.014412804,0.5634808,-0.15304007,0.77496105,2016-12-08 23:54:26,NaN
9.203311,0.33518824,3.1028855,0.0041689314,0.004188346,0.003572322,13.0,9.283775,0.3528271,3.139655,-0.06280041,-0.012318422,-0.047836237,0.5599589,-0.16238278,0.7711479,2016-12-08 23:5