ACC_X,ACC_Y,ACC_Z,GYRO_X,GYRO_Y,GYRO_Z,LIGH_1,GRAV_X,GRAV_Y,GRAV_Z,LINACC_X,LINACC_Y,LINACC_Z,ROTVEC_X,ROTVEC_Y,ROTVEC_Z,TIME,VOICE
4.579,3.236,8.237,0.011779785,-0.0037841797,0.0030517578,284.0,4.534363,3.1677551,8.097839,0.028427124,0.0738678,0.033493042,0.2296753,-0.18539429,0.2657776,2016-12-30 13:03:36,32.356051261752384
5.246,3.344,7.776,-0.052764893,-0.13328552,-0.17218018,262.0,5.0756836,3.3628235,7.6875916,0.2907257,-0.14842224,-0.141922,0.24601746,-0.2179718,0.24336243,2016-12-30 13:03:37,59.42339716183358
5.227,3.265,7.757,0.004486084,0.04576111,0.024978638,266.0,5.2346344,3.2186737,7.642578,-0.004425049,0.050201416,0.1482544,0.24171448,-0.22781372,0.24584961,2016-12-30 13:03:38,71.44704451188286
5.001,3.344,7.924,0.034835815,0.012039185,0.049728394,270.0,4.927719,3.3651123,7.7822723,0.08454895,0.03996277,0.06303406,0.24276733,-0.21040344,0.24118042,2016-12-30 13:03:39,48.63677601279262
-1.372,-1.765,9.502,-0.11279297,-0.06788635,2.103653,394.0,-0.39694214,-3.6499786,9.093414,-0.9378357,1.7567596,1.0537262,-0.17007446,-0.08622742,0.53593445,2016-12-30 13:03:40,26.41470237284043
-0.764,-0.872,9.708,-0.15602112,0.062805176,-0.041992188,383.0,-0.6645813,-0.2896881,9.7798,-0.1662445,-0.47303772,-0.014022827,-0.02961731,0.022140503,0.49438477,2016-12-30 13:03:41,65.52824287355199
-0.794,-0.843,9.787,-1.5258789E-5,-1.5258789E-5,-1.5258789E-5,384.0,-0.7640228,-0.8676758,9.738251,0.014892578,0.036834717,0.013900757,-0.057800293,0.012023926,0.49319458,2016-12-30 13:03:42,29.445776058574502
-0.833,-0.784,9.846,-1.5258789E-5,-1.5258789E-5,-1.5258789E-5,386.0,-0.7789154,-0.7937927,9.743378,0.029785156,0.0038146973,-0.018447876,-0.05493164,0.014373779,0.49609375,2016-12-30 13:03:43,63.09684166056197
-0.755,-0.99,9.748,-0.0077209473,0.00642395,0.021026611,384.0,-0.75520325,-0.9528961,9.730972,-0.007522583,0.013092041,0.034805298,-0.061462402,0.008895874,0.5014496,2016-12-30 13:03:44,50.19985599741075
-0.755,-0.961,9.767,0.008850098,0.013473511,-0.045837402,384.0,-0.77168274,-0.95370483,9.729599,0.03617859,-0.04055786,0.1315155,-0.06187439,0.0098724365,0.4975586,2016-12-30 13:03:45,46.3002152715292
-0.627,-0.078,9.797,0.019973755,-0.032333374,0.08029175,344.0,-0.5877075,-0.12774658,9.7881775,0.029281616,0.046020508,0.032073975,-0.02041626,0.022888184,0.49150085,2016-12-30 13:03:46,64.53436751194869
-0.598,-0.049,9.885,1.5258789E-5,1.5258789E-5,1.5258789E-5,376.0,-0.55940247,-0.08302307,9.790329,0.014587402,-0.012298584,0.0026855469,-0.017715454,0.022750854,0.49169922,2016-12-30 13:03:47,39.010916817515806
-0.529,-0.088,9.865,-0.0075683594,-0.011077881,-0.007522583,378.0,-0.5580139,-0.08816528,9.7903595,-0.09573364,-0.2250824,0.42489624,-0.017868042,0.022598267,0.49024963,2016-12-30 13:03:48,9.901341208395067
-0.676,-0.205,9.905,0.0071258545,-0.0029449463,-0.04425049,354.0,-0.5637207,-0.09867859,9.789932,-0.14451599,0.0033416748,-0.037765503,-0.018539429,0.022537231,0.49223328,2016-12-30 13:03:49,59.042290482689374
-0.558,-0.137,9.865,-7.019043E-4,0.021194458,0.019851685,378.0,-0.5194092,-0.13725281,9.791916,-0.06625366,0.041915894,0.05558777,-0.019180298,0.019561768,0.4941101,2016-12-30 13:03:50,69.72739775645641
-0.568,-0.147,9.865,-1.5258789E-5,-1.5258789E-5,-1.5258789E-5,379.0,-0.590271,-0.10984802,9.788254,0.0045928955,-0.02633667,0.04562378,-0.019577026,0.023529053,0.48786926,2016-12-30 13:03:51,64.66339738666522
-0.598,-0.127,9.865,1.5258789E-5,1.5258789E-5,1.5258789E-5,194.0,-0.55589294,-0.12437439,9.790085,0.011077881,0.015411377,-0.03791809,-0.019424438,0.021591187,0.49028015,2016-12-30 13:03:52,62.37481024131938
-0.529,-0.098,9.826,1.5258789E-5,1.5258789E-5,1.5258789E-5,369.0,-0.51512146,-0.13061523,9.792236,0.011154175,0.021652222,0.068878174,-0.01878357,0.01953125,0.4944458,2016-12-30 13:03:53,38.73212032793778
-0.519,-0.156,9.895,1.5258789E-5,1.5258789E-5,1.5258789E-5,300.0,-0.53385925,-0.11172485,9.791458,-0.010940552,-0.078948975,0.015167236,-0.01828003,0.020950317,0.489151,2016-12-30 13:03:54,22.466125289094965
-0.519,-0.117,9.826,1.5258789E-5,1.5258789E-5,1.5258789E-5,361.0,-0.52427673,-0.11355591,9.791962,0.0066986084,0.0045928955,0.028289795,-0.018157959,0.020446777,0.49031067,2016-12-30 13:03:55,65.40273296482417
-0.588,-0.137,9.718,1.5258789E-5,1.5258789E-5,1.5258789E-5,252.0,-0.5177765,-0.11512756,9.792282,0.013824463,-0.048309326,-0.08097839,-0.018051147,0.020141602,0.48968506,2016-12-30 13:03:56,48.21265359420613
-0.529,-0.029,9.954,-1.5258789E-5,-1.5258789E-5,-1.5258789E-5,325.0,-0.5279541,-0.13475037,9.791489,0.037612915,-0.06954956,-0.107421875,-0.019241333,0.020050049,0.4921875,2016-12-30 13:03:57,59.14742857417653
-0.519,-0.107,9.836,-1.5258789E-5,-1.5258789E-5,-1.5258789E-5,285.0,-0.4976654,-0.09034729,9.793594,-0.019897461,-0.032226563,0.0539093,-0.016479492,0.019836426,0.4914856,2016-12-30 13:03:58,41.730998996200725
-0.509,-0.176,9.807,-1.5258789E-5,-1.5258789E-5,-1.5258789E-5,372.0,-0.528244,-0.13066101,9.791534,0.06513977,-0.04638672,0.09681702,-0.018920898,0.02029419,0.48640442,2016-12-30 13:03:59,58.88125916515296
-0.529,-0.127,9.885,-1.5258789E-5,-1.5258789E-5,-1.5258789E-5,363.0,-0.52723694,-0.15252686,9.791275,0.0096588135,0.029937744,0.13793945,-0.020050049,0.019515991,0.4944458,2016-12-30 13:04:00,29.980519150541483
-0.549,-0.117,9.816,-1.5258789E-5,-1.5258789E-5,-1.5258789E-5,372.0,-0.53678894,-0.1396637,9.790939,-0.008010864,-0.010147095,0.029312134,-0.019592285,0.020385742,0.48887634,2016-12-30 13:04:01,12.929825189447076
-0.568,-0.196,9.846,-1.5258789E-5,-1.5258789E-5,-1.5258789E-5,340.0,-0.5391693,-0.13697815,9.790848,-0.03286743,0.041625977,0.015777588,-0.019470215,0.020629883,0.4857788,2016-12-30 13:04:02,15.379297198623
-0.558,-0.176,9.836,-1.5258789E-5,-1.5258789E-5,-1.5258789E-5,323.0,-0.5494232,-0.15193176,9.790054,0.031845093,0.05657959,0.07106018,-0.020553589,0.020553589,0.49298096,2016-12-30 13:04:03,61.04619217263944
-0.558,-0.137,9.846,1.5258789E-5,1.5258789E-5,1.5258789E-5,335.0,-0.54437256,-0.14933777,9.79039,-0.014038086,-0.014099121,0.029876709,-0.020233154,0.020477295,0.48953247,2016-12-30 13:04:04,28.308661033265032
-0.578,-0.156,9.797,1.5258789E-5,1.5258789E-5,1.5258789E-5,349.0,-0.55119324,-0.14970398,9.789993,-0.034469604,0.013504028,0.071121216,-0.020324707,0.020843506,0.48587036,2016-12-30 13:04:05,58.925773504205
-0.549,-0.156,9.846,-1.5258789E-5,-1.5258789E-5,-1.5258789E-5,359.0,-0.5456848,-0.14266968,9.790405,-0.026351929,0.0064697266,0.029846191,-0.020126343,0.020553589,0.4960022,2016-12-30 13:04:06,45.53536724899644
-0.578,-0.156,9.865,-0.014404297,-0.0034332275,0.028701782,314.0,-0.5517578,-0.1464386,9.790009,0.020568848,0.010238647,0.04386902,-0.020370483,0.02078247,0.49319458,2016-12-30 13:04:07,14.524872342858966
-0.578,-0.166,9.856,-1.5258789E-5,-1.5258789E-5,-1.5258789E-5,300.0,-0.55644226,-0.13580322,9.789902,-0.0019683838,-0.041259766,0.003112793,-0.019927979,0.021347046,0.48928833,2016-12-30 13:04:08,14.809916840477804
-0.558,-0.176,9.787,0.012298584,-0.01222229,0.038406372,372.0,-0.55137634,-0.1439209,9.79007,0.020187378,0.048568726,0.08467102,-0.020187378,0.020889282,0.4905548,2016-12-30 13:04:09,56.77337577107588
-0.558,-0.147,9.865,1.5258789E-5,1.5258789E-5,1.5258789E-5,378.0,-0.5325012,-0.13743591,9.791214,-0.012298584,0.0012207031,-0.011795044,-0.019454956,0.020187378,0.49186707,2016-12-30 13:04:10,66.00908172083012
-0.49,-0.196,9.816,1.5258789E-5,1.5258789E-5,1.5258789E-5,379.0,-0.5580292,-0.14057922,9.789749,-0.014007568,0.03161621,0.030517578,-0.020248413,0.021240234,0.49191284,2016-12-30 13:04:11,50.40629311953816
-0.568,-0.186,9.856,1.5258789E-5,1.5258789E-5,1.5258789E-5,379.0,-0.5354614,-0.1388855,9.791031,-0.009338379,-0.010910034,0.015609741,-0.019729614,0.02015686,0.49760437,2016-12-30 13:04:12,64.39326589297238
-0.48,-0.127,9.836,1.5258789E-5,1.5258789E-5,1.5258789E-5,379.0,-0.5409851,-0.14385986,9.790649,-0.0037994385,0.03489685,0.015975952,-0.019943237,0.020431519,0.49086,2016-12-30 13:04:13,62.1500609500883
-0.558,-0.186,9.856,-1.5258789E-5,-1.5258789E-5,-1.5258789E-5,379.0,-0.54196167,-0.12619019,9.790848,-0.0028381348,-0.009994507,0.015792847,-0.019073486,0.020996094,0.48686218,2016-12-30 13:04:14,64.23856037928353
-0.549,-0.205,9.875,-1.5258789E-5,-1.5258789E-5,-1.5258789E-5,380.0,-0.5318756,-0.15150452,9.791031,6.866455E-4,0.0016937256,0.08369446,-0.020004272,0.019882202,0.48872375,2016-12-30 13:04:15,68.85884254840201
-0.608,-0.127,9.816,1.5258789E-5,1.5258789E-5,1.5258789E-5,379.0,-0.54797363,-0.1399231,9.790314,0.016784668,-0.009887695,0.029937744,-0.01991272,0.020858765,0.4900055,2016-12-30 13:04:16,44.05048459757133
-0.558,-0.166,9.836,1.5258789E-5,1.5258789E-5,1.5258789E-5,379.0,-0.5389557,-0.14208984,9.790787,0.0077667236,0.0058898926,0.04309082,-0.019729614,0.020446777,0.48776245,2016-12-30 13:04:17,14.177538047398187
-0.558,-0.147,9.826,1.5258789E-5,1.5258789E-5,1.5258789E-5,379.0,-0.5428467,-0.13790894,9.790634,0.011642456,0.015335083,0.056854248,-0.019683838,0.020690918,0.48968506,2016-12-30 13:04:18,67.86611174653953
-0.539,-0.156,9.787,1.5258789E-5,1.5258789E-5,1.5258789E-5,380.0,-0.5414734,-0.13713074,9.790726,-0.016952515,-0.012680054,0.0022888184,-0.019592285,0.02067566,0.48851013,2016-12-30 13:04:19,44.77748323393155
-0.558,-0.058,9.797,-0.026687622,-0.0036468506,0.12823486,383.0,-0.51226807,-0.13679504,9.792297,-0.03251648,-0.053878784,0.06881714,-0.01889038,0.019332886,0.49066162,2016-12-30 13:04:20,20.993798126125224
-0.49,-0.117,9.816,1.5258789E-5,1.5258789E-5,1.5258789E-5,382.0,-0.5189972,-0.11508179,9.792221,-0.012176514,-0.0074768066,0.06889343,-0.018035889,0.020233154,0.4880829,2016-12-30 13:04:21,56.04922026044634
-0.47,-0.127,9.816,-1.5258789E-5,-1.5258789E-5,-1.5258789E-5,383.0,-0.51530457,-0.13606262,9.792145,0.011352539,-1.2207031E-4,0.02810669,-0.018951416,0.019470215,0.49139404,2016-12-30 13:04:22,32.06147024044433
-0.558,-0.127,9.836,1.5258789E-5,1.5258789E-5,1.5258789E-5,382.0,-0.5110779,-0.12382507,9.792526,-0.033721924,0.042099,-0.013122559,-0.01828003,0.019607544,0.49043274,2016-12-30 13:04:23,51.4757787597935
-0.529,-0.127,9.856,-1.5258789E-5,-1.5258789E-5,-1.5258789E-5,383.0,-0.5061493,-0.12519836,9.79277,-0.011398315,0.02986145,0.013870239,-0.018173218,0.01940918,0.48797607,2016-12-30 13:04:24,65.71303003211722
-0.5,-0.127,9.836,-1.5258789E-5,-1.5258789E-5,-1.5258789E-5,382.0,-0.5313721,-0.121276855,9.791489,1.6784668E-4,0.03955078,0.0015258789,-0.01878357,0.020477295,0.49510193,2016-12-30 13:04:25,59.8402317842811
-0.558,-0.156,9.816,1.5258789E-5,1.5258789E-5,1.5258789E-5,382.0,-0.50737,-0.10522461,9.792938,0.030654907,-0.04458618,0.027313232,-0.017410278,0.019866943,0.49214172,2016-12-30 13:04:26,43.22234178920507
-0.519,-0.147,9.777,1.5258789E-5,1.5258789E-5,1.5258789E-5,383.0,-0.518692,-0.11886597,9.792191,-0.012481689,-0.044555664,0.12339783,-0.018234253,0.020080566,0.48962402,2016-12-30 13:04:27,50.35300252189494
-0.578,-0.137,9.826,-1.5258789E-5,-1.5258789E-5,-1.5258789E-5,382.0,-0.5235443,-0.13356018,9.791748,0.0059661865,0.010971069,0.028503418,-0.018981934,0.019973755,0.48814392,2016-12-30 13:04:28,52.064694647293244
-0.539,-0.088,9.846,-1.5258789E-5,-1.5258789E-5,-1.5258789E-5,382.0,-0.5187073,-0.11933899,9.792191,-0.02609253,-0.030471802,0.04168701,-0.018249512,0.020095825,0.4889984,2016-12-30 13:04:29,35.1717720551816
-0.519,-0.186,9.836,-1.5258789E-5,-1.5258789E-5,-1.5258789E-5,382.0,-0.51934814,-0.10951233,9.792267,0.015396118,5.493164E-4,0.041610718,-0.017959595,0.020233154,0.49501038,2016-12-30 13:04:30,66.0452315653002
-0.48,-0.117,9.836,-1.5258789E-5,-1.5258789E-5,-1.5258789E-5,382.0,-0.5145111,-0.119003296,9.792419,-0.016662598,-0.017181396,-0.013000488,-0.018157959,0.019882202,0.49038696,2016-12-30 13:04:31,64.14581198022074
-0.529,-0.088,9.875,1.5258789E-5,1.5258789E-5,1.5258789E-5,384.0,-0.51560974,-0.12902832,9.792221,-0.001953125,-0.03440857,0.028030396,-0.01876831,0.019546509,0.496521,2016-12-30 13:04:32,41.346175347904065
-0.49,-0.117,9.807,-1.5258789E-5,-1.5258789E-5,-1.5258789E-5,386.0,-0.523468,-0.12875366,9.791809,0.03314209,0.01979065,0.028442383,-0.018920898,0.019943237,0.49493408,2016-12-30 13:04:33,53.19612455095792
-0.5,-0.147,9.856,-1.5258789E-5,-1.5258789E-5,-1.5258789E-5,386.0,-0.51138306,-0.12162781,9.7925415,0.021057129,0.026290894,0.014083862,-0.018432617,0.019454956,0.50105286,2016-12-30 13:04:34,27.953599098220767
-0.529,-0.117,9.826,0.026351929,0.00579834,-0.03894043,386.0,-0.50071716,-0.13320923,9.792938,-0.0032196045,0.051483154,0.040924072,-0.01852417,0.018829346,0.49447632,2016-12-30 13:04:35,17.066211165269493
-0.5,-0.058,9.61,-1.5258789E-5,-1.5258789E-5,-1.5258789E-5,386.0,-0.511734,-0.11576843,9.792603,0.1031189,-0.03404236,-0.026809692,-0.017959595,0.019821167,0.4910431,2016-12-30 13:04:36,48.05851975581621
-0.539,-0.127,9.797,1.5258789E-5,1.5258789E-5,1.5258789E-5,387.0,-0.51956177,-0.102264404,9.792343,0.0019989014,0.047790527,0.027923584,-0.017623901,0.020446777,0.49409485,2016-12-30 13:04:37,25.111702614699784
-0.509,-0.156,9.856,0.0067749023,-0.003540039,-0.0178833,386.0,-0.5415344,-0.097457886,9.791199,0.051193237,-0.038742065,0.06991577,-0.017807007,0.02168274,0.48739624,2016-12-30 13:04:38,19.319115467065245
-0.519,-0.127,9.807,-1.5258789E-5,-1.5258789E-5,-1.5258789E-5,387.0,-0.5077362,-0.11265564,9.792847,0.01739502,-0.009918213,0.041030884,-0.01763916,0.01979065,0.48765564,2016-12-30 13:04:39,41.086063102929835
-0.323,-0.176,9.777,1.5258789E-5,1.5258789E-5,1.5258789E-5,387.0,-0.5104828,-0.10441589,9.792786,-0.10241699,0.06355286,0.109191895,-0.017425537,0.020050049,0.49111938,2016-12-30 13:04:40,65.19361022955485
-0.549,-0.078,9.865,-1.5258789E-5,-1.5258789E-5,-1.5258789E-5,386.0,-0.4910431,-0.122680664,9.793579,0.014328003,-0.013504028,0.0947876,-0.017700195,0.01876831,0.489151,2016-12-30 13:04:41,56.30973290842868
-0.48,-0.098,9.816,1.5258789E-5,1.5258789E-5,1.5258789E-5,384.0,-0.5067749,-0.10292053,9.792999,0.030059814,-0.03326416,0.013641357,-0.017242432,0.019943237,0.4903717,2016-12-30 13:04:42,66.2996583308116
-0.49,-0.107,9.826,-1.5258789E-5,-1.5258789E-5,-1.5258789E-5,383.0,-0.497818,-0.09906006,9.793503,-0.0061187744,-0.037124634,0.054000854,-0.01676941,0.019714355,0.48661804,2016-12-30 13:04:43,58.84664941782659
-0.47,-0.107,9.777,-1.5258789E-5,-1.5258789E-5,-1.5258789E-5,383.0,-0.49372864,-0.09451294,9.793747,-0.023834229,-0.055282593,0.040130615,-0.016571045,0.019546509,0.4914093,2016-12-30 13:04:44,64.87571504133778
-0.558,-0.088,9.846,-1.5258789E-5,-1.5258789E-5,-1.5258789E-5,380.0,-0.48841858,-0.104034424,9.793915,-0.0018920898,0.02230835,-8.8500977E-4,-0.016845703,0.019088745,0.4906311,2016-12-30 13:04:45,37.035815274857676
-0.578,-0.225,10.12,-1.5258789E-5,-1.5258789E-5,-1.5258789E-5,382.0,-0.47833252,-0.09487915,9.79451,0.01524353,0.040405273,0.052978516,-0.016204834,0.018859863,0.4915161,2016-12-30 13:04:46,20.302984281330993
-0.519,-0.107,9.856,-1.5258789E-5,-1.5258789E-5,-1.5258789E-5,383.0,-0.49998474,-0.09301758,9.793442,0.0096588135,0.038528442,0.06767273,-0.01651001,0.019989014,0.48516846,2016-12-30 13:04:47,59.16237753045698
-0.49,-0.127,9.826,-1.5258789E-5,-1.5258789E-5,-1.5258789E-5,383.0,-0.49394226,-0.10458374,9.79364,0.017227173,0.036483765,0.040237427,-0.01701355,0.019317627,0.49072266,2016-12-30 13:04:48,48.812357727714264
-0.49,-0.078,9.826,1.5258789E-5,1.5258789E-5,1.5258789E-5,383.0,-0.5128784,-0.10357666,9.792679,0.008926392,-0.018997192,0.06843567,-0.017623901,0.02003479,0.49858093,2016-12-30 13:04:49,57.43775858669154
-0.5,-0.098,9.885,-1.5258789E-5,-1.5258789E-5,-1.5258789E-5,383.0,-0.48902893,-0.09965515,9.79393,-0.028518677,0.0043182373,0.03994751,-0.016738892,0.019165039,0.49423218,2016-12-30 13:04:50,47.840057386827716
-0.49,-0.098,9.816,1.5258789E-5,1.5258789E-5,1.5258789E-5,383.0,-0.5036316,-0.09454346,9.793243,0.026916504,0.012817383,0.067871094,-0.01676941,0.02003479,0.48901367,2016-12-30 13:04:51,64.95501165028904
-0.509,-0.107,9.846,-1.5258789E-5,-1.5258789E-5,-1.5258789E-5,384.0,-0.50361633,-0.11227417,9.79306,-0.013946533,0.016937256,0.05444336,-0.017547607,0.019607544,0.48851013,2016-12-30 13:04:52,38.11854714333152
-0.49,-0.107,9.816,1.5258789E-5,1.5258789E-5,1.5258789E-5,383.0,-0.5032959,-0.09777832,9.793228,0.012954712,0.016067505,0.013397217,-0.016906738,0.019927979,0.48954773,2016-12-30 13:04:53,61.36838182350907
-0.529,-0.117,9.856,-1.5258789E-5,-1.5258789E-5,-1.5258789E-5,384.0,-0.50216675,-0.112197876,9.793137,0.01184082,0.016860962,0.027114868,-0.017578125,0.019470215,0.49223328,2016-12-30 13:04:54,39.90929742780011
-0.529,-0.127,9.856,1.5258789E-5,1.5258789E-5,1.5258789E-5,384.0,-0.50639343,-0.09854126,9.79306,-0.038406372,0.0032043457,0.0544281,-0.01687622,0.02017212,0.48339844,2016-12-30 13:04:55,63.79905843680294
-0.539,-0.098,9.807,-1.5258789E-5,-1.5258789E-5,-1.5258789E-5,383.0,-0.4844513,-0.111312866,9.794037,0.021362305,0.015960693,0.0398407,-0.017120361,0.018676758,0.4933777,2016-12-30 13:04:56,40.31514499958489
-0.49,-0.078,9.807,1.5258789E-5,1.5258789E-5,1.5258789E-5,384.0,-0.50523376,-0.10144043,9.793091,0.014907837,0.0061035156,0.06802368,-0.017120361,0.019927979,0.48913574,2016-12-30 13:04:57,66.69309656099125
-0.539,-0.088,9.807,1.5258789E-5,1.5258789E-5,1.5258789E-5,384.0,-0.49424744,-0.1015625,9.793655,-0.02331543,0.047088623,0.02659607,-0.016906738,0.01939392,0.4915924,2016-12-30 13:04:58,63.914739752588325
-0.48,-0.107,9.797,-1.5258789E-5,-1.5258789E-5,-1.5258789E-5,384.0,-0.5030823,-0.09863281,9.793228,-8.544922E-4,0.0032806396,0.13598633,-0.016998291,0.019851685,0.49201965,2016-12-30 13:04:59,59.822500421998896
-0.529,-0.117,9.856,-1.5258789E-5,-1.5258789E-5,-1.5258789E-5,383.0,-0.49725342,-0.10798645,9.7934265,0.0069274902,0.012649536,0.06768799,-0.017105103,0.019500732,0.48472595,2016-12-30 13:05:00,67.11901340000847
-0.529,-0.127,9.836,-1.5258789E-5,-1.5258789E-5,-1.5258789E-5,384.0,-0.5020447,-0.09861755,9.793289,-0.029129028,0.0032653809,0.054214478,-0.01689148,0.019882202,0.4881897,2016-12-30 13:05:01,39.911573894832785
-0.5,-0.127,9.846,1.5258789E-5,1.5258789E-5,1.5258789E-5,383.0,-0.48612976,-0.09056091,9.794174,-0.058670044,-0.004760742,0.02609253,-0.016204834,0.019302368,0.49179077,2016-12-30 13:05:02,61.12359598622719
-0.519,-0.107,9.826,1.5258789E-5,1.5258789E-5,1.5258789E-5,383.0,-0.49316406,-0.0947113,9.793777,0.016448975,-0.04147339,0.080963135,-0.016540527,0.019546509,0.49014282,2016-12-30 13:05:03,68.82361901433798
-0.509,-0.147,9.846,1.5258789E-5,1.5258789E-5,1.5258789E-5,383.0,-0.51078796,-0.09140015,9.792908,-0.0067749023,0.02330017,0.095458984,-0.01675415,0.020462036,0.48719788,2016-12-30 13:05:04,46.33784720847827
-0.529,-0.127,9.797,-1.5258789E-5,-1.5258789E-5,-1.5258789E-5,383.0,-0.48880005,-0.08869934,9.794052,-0.028762817,-0.0066223145,0.03982544,-0.016021729,0.019607544,0.48434448,2016-12-30 13:05:05,34.301093993736316
-0.47,-0.107,9.836,1.5258789E-5,1.5258789E-5,1.5258789E-5,383.0,-0.49893188,-0.09916687,9.793442,0.022216797,0.003829956,0.04043579,-0.016906738,0.01966858,0.49131775,2016-12-30 13:05:06,65.51362588460997
-0.519,-0.107,9.856,1.5258789E-5,1.5258789E-5,1.5258789E-5,383.0,-0.5089874,-0.09352112,9.792984,0.018661499,-0.0018005371,0.027282715,-0.016998291,0.02017212,0.4953766,2016-12-30 13:05:07,64.43737988757314
-0.509,-0.098,9.905,-1.5258789E-5,-1.5258789E-5,-1.5258789E-5,383.0,-0.4937744,-0.09025574,9.793793,-0.05102539,-0.005065918,0.080947876,-0.016296387,0.019729614,0.4877777,2016-12-30 13:05:08,43.263732895273705
-0.49,-0.107,9.797,1.5258789E-5,1.5258789E-5,1.5258789E-5,383.0,-0.51620483,-0.11152649,9.792419,-0.014968872,0.0025634766,0.06871033,-0.017852783,0.02015686,0.4899292,2016-12-30 13:05:09,66.55345604664848
-0.529,-0.107,9.826,-1.5258789E-5,-1.5258789E-5,-1.5258789E-5,383.0,-0.5077667,-0.08909607,9.793091,0.0038146973,0.020996094,0.06803894,-0.016708374,0.02029419,0.4925537,2016-12-30 13:05:10,52.098397918836454
-0.509,-0.107,9.836,1.5258789E-5,1.5258789E-5,1.5258789E-5,382.0,-0.5089874,-0.09538269,9.7929535,-0.008575439,0.027282715,0.040908813,-0.016998291,0.020202637,0.49169922,2016-12-30 13:05:11,65.20424820156003
-0.49,-0.117,9.836,1.5258789E-5,1.5258789E-5,1.5258789E-5,383.0,-0.5032196,-0.09915161,9.793228,0.053741455,0.0037994385,0.08151245,-0.016952515,0.01991272,0.488739,2016-12-30 13:05:12,67.70086122567517
-0.539,-0.127,9.856,-1.5258789E-5,-1.5258789E-5,-1.5258789E-5,383.0,-0.4982605,-0.10072327,9.793457,0.0079193115,-0.008224487,0.026794434,-0.016937256,0.019607544,0.49057007,2016-12-30 13:05:13,31.319533800054398
-0.5,-0.098,9.836,-1.5258789E-5,-1.5258789E-5,-1.5258789E-5,383.0,-0.50917053,-0.09648132,9.792938,-0.022018433,-0.012466431,0.027313232,-0.017150879,0.020095825,0.49586487,2016-12-30 13:05:15,63.533452795359935
-0.539,-0.088,9.797,1.5258789E-5,1.5258789E-5,1.5258789E-5,382.0,-0.506073,-0.092819214,9.793137,0.015731812,-0.0025024414,0.027114868,-0.01676941,0.02017212,0.49006653,2016-12-30 13:05:16,65.9717882494291
-0.48,-0.117,9.816,1.5258789E-5,1.5258789E-5,1.5258789E-5,383.0,-0.50790405,-0.0953064,9.793015,0.07206726,-3.0517578E-5,0.027236938,-0.017044067,0.020095825,0.4951172,2016-12-30 13:05:17,19.318470483855755
-0.49,-0.088,9.807,1.5258789E-5,1.5258789E-5,1.5258789E-5,383.0,-0.50035095,-0.09298706,9.7934265,0.010025024,-0.0023345947,0.05406189,-0.016693115,0.019851685,0.4928131,2016-12-30 13:05:18,23.15037108474367
-0.49,-0.078,9.816,-1.5258789E-5,-1.5258789E-5,-1.5258789E-5,383.0,-0.5120392,-0.09945679,9.792755,0.021697998,0.03135681,0.027496338,-0.01725769,0.020233154,0.49205017,2016-12-30 13:05:19,8.56695856470836
-0.46,-0.156,9.836,1.5258789E-5,1.5258789E-5,1.5258789E-5,383.0,-0.49354553,-0.09465027,9.793762,-0.024017334,-0.014297485,0.040115356,-0.016555786,0.019561768,0.49058533,2016-12-30 13:05:20,52.55376511737387
-0.519,-0.098,9.865,1.5258789E-5,1.5258789E-5,1.5258789E-5,382.0,-0.5134125,-0.108047485,9.792603,0.009460449,-0.028137207,0.027664185,-0.017669678,0.020095825,0.49131775,2016-12-30 13:05:21,64.1412033413627
-0.48,-0.088,9.797,-1.5258789E-5,-1.5258789E-5,-1.5258789E-5,382.0,-0.49415588,-0.09451294,9.793732,0.017440796,-0.014434814,-0.04156494,-0.016601563,0.019546509,0.4924469,2016-12-30 13:05:22,46.59211661799609
-0.509,-0.058,9.846,1.5258789E-5,1.5258789E-5,1.5258789E-5,382.0,-0.48468018,-0.09449768,9.794205,-0.005645752,-0.028076172,0.03967285,-0.01638794,0.019119263,0.4933777,2016-12-30 13:05:23,42.11453967453725
-0.519,-0.137,9.826,1.5258789E-5,1.5258789E-5,1.5258789E-5,382.0,-0.50141907,-0.08299255,9.793457,-0.0025177002,0.014892578,0.026794434,-0.016159058,0.020263672,0.48727417,2016-12-30 13:05:24,64.14088043798483
-0.49,-0.098,9.807,1.5258789E-5,1.5258789E-5,1.5258789E-5,382.0,-0.4933014,-0.09736633,9.793747,-0.010635376,-0.011581421,0.040130615,-0.016616821,0.019515991,0.4882202,2016-12-30 13:05:25,64.5879244155478
-0.5,-0.088,9.816,1.5258789E-5,1.5258789E-5,1.5258789E-5,383.0,-0.49317932,-0.09976196,9.793732,0.0028533936,0.00440979,0.08100891,-0.016815186,0.019363403,0.4927063,2016-12-30 13:05:26,28.237435164519248
-0.509,-0.107,9.865,-1.5258789E-5,-1.5258789E-5,-1.5258789E-5,383.0,-0.5108032,-0.08869934,9.792923,0.0068511963,0.020584106,0.027328491,-0.01663208,0.02053833,0.48716736,2016-12-30 13:05:27,20.18100472496829
-0.49,-0.107,9.826,-1.5258789E-5,-1.5258789E-5,-1.5258789E-5,383.0,-0.5042114,-0.09492493,9.793213,0.013885498,-0.027648926,0.12239075,-0.016860962,0.019989014,0.49212646,2016-12-30 13:05:28,67.83272819167662
-0.529,-0.058,9.816,-1.5258789E-5,-1.5258789E-5,-1.5258789E-5,384.0,-0.5067291,-0.10070801,9.79303,-0.01083374,0.005355835,-0.01361084,-0.017166138,0.019973755,0.49153137,2016-12-30 13:05:29,68.63172146940666
-0.48,-0.107,9.836,1.5258789E-5,1.5258789E-5,1.5258789E-5,383.0,-0.5033417,-0.09378052,9.793274,0.026626587,-0.0015411377,0.013366699,-0.016784668,0.019989014,0.4914856,2016-12-30 13:05:30,48.628715699592206
-0.519,-0.127,9.836,-1.5258789E-5,-1.5258789E-5,-1.5258789E-5,382.0,-0.51246643,-0.108566284,9.792648,-0.059570313,0.026855469,0.1910553,-0.017715454,0.019989014,0.4934082,2016-12-30 13:05:31,56.893575212892884
-0.48,-0.137,9.807,-1.5258789E-5,-1.5258789E-5,-1.5258789E-5,383.0,-0.48544312,-0.08514404,9.7942505,-0.04573059,-0.010192871,0.09410095,-0.015930176,0.019439697,0.4905548,2016-12-30 13:05:32,28.522416610025957
-0.46,-0.127,9.748,1.5258789E-5,1.5258789E-5,1.5258789E-5,383.0,-0.49882507,-0.100631714,9.7934265,0.0084991455,-0.02192688,0.026824951,-0.016952515,0.019638062,0.49064636,2016-12-30 13:05:33,55.23201264307537
-0.5,-0.127,9.797,-1.5258789E-5,-1.5258789E-5,-1.5258789E-5,383.0,-0.48713684,-0.08908081,9.794128,0.010421753,0.034606934,0.08061218,-0.016113281,0.019424438,0.48953247,2016-12-30 13:05:34,59.9438465572912
-0.451,-0.098,9.807,-1.5258789E-5,-1.5258789E-5,-1.5258789E-5,383.0,-0.50579834,-0.10218811,9.79306,-0.011764526,0.034088135,0.04081726,-0.017227173,0.019882202,0.49232483,2016-12-30 13:05:35,64.91126396654771
-0.509,-0.107,9.816,-1.5258789E-5,-1.5258789E-5,-1.5258789E-5,383.0,-0.4935913,-0.10520935,9.793655,-0.023971558,-0.0037384033,0.0129852295,-0.017044067,0.01927185,0.49147034,2016-12-30 13:05:36,64.69872384488792
-0.46,-0.098,9.836,-1.5258789E-5,-1.5258789E-5,-1.5258789E-5,383.0,-0.49131775,-0.106048584,9.793747,0.04185486,-0.00289917,0.12184143,-0.016937256,0.019226074,0.48768616,2016-12-30 13:05:37,39.74328605272278
-0.519,-0.098,9.826,-1.5258789E-5,-1.5258789E-5,-1.5258789E-5,383.0,-0.4996643,-0.10525513,9.793335,-0.045135498,0.023529053,0.054153442,-0.017288208,0.019470215,0.4954834,2016-12-30 13:05:38,30.270121753113198
-0.509,-0.098,9.895,-1.5258789E-5,-1.5258789E-5,-1.5258789E-5,383.0,-0.50953674,-0.089416504,9.792984,0.005584717,-0.01953125,-0.013580322,-0.016708374,0.02041626,0.48980713,2016-12-30 13:05:39,57.15805563630835
-0.48,-0.078,9.797,1.5258789E-5,1.5258789E-5,1.5258789E-5,383.0,-0.506897,-0.09628296,9.79306,0.016571045,9.460449E-4,0.0680542,-0.016952515,0.020111084,0.49015808,2016-12-30 13:05:40,67.35124311661104
-0.49,-0.147,9.826,-1.5258789E-5,-1.5258789E-5,-1.5258789E-5,383.0,-0.49171448,-0.09591675,9.7938385,0.042236328,5.79834E-4,0.05366516,-0.016555786,0.019439697,0.49058533,2016-12-30 13:05:41,55.74303513293324
-0.49,-0.127,9.807,1.5258789E-5,1.5258789E-5,1.5258789E-5,383.0,-0.49093628,-0.09031677,9.79393,-0.026626587,-0.03225708,0.06718445,-0.016326904,0.01953125,0.49188232,2016-12-30 13:05:42,46.05319400589282
-0.519,-0.117,9.807,1.5258789E-5,1.5258789E-5,1.5258789E-5,383.0,-0.49952698,-0.091537476,9.793488,-0.018035889,-0.0037994385,0.06762695,-0.01651001,0.019943237,0.48846436,2016-12-30 13:05:43,62.68318356969844
-0.509,-0.107,9.777,-1.5258789E-5,-1.5258789E-5,-1.5258789E-5,382.0,-0.5108948,-0.10650635,9.79274,-0.006668091,-0.016052246,0.068374634,-0.01763916,0.019927979,0.49594116,2016-12-30 13:05:44,66.60266816388369
-0.46,-0.137,9.905,-1.5258789E-5,-1.5258789E-5,-1.5258789E-5,382.0,-0.49908447,-0.09326172,9.793488,-0.004852295,-0.029296875,0.026763916,-0.016586304,0.019866943,0.4889679,2016-12-30 13:05:45,49.47029728980173
-0.588,-0.107,9.777,1.5258789E-5,1.5258789E-5,1.5258789E-5,383.0,-0.4920349,-0.08648682,9.793915,-0.039138794,-0.049697876,0.067214966,-0.016220093,0.019638062,0.49343872,2016-12-30 13:05:46,24.17669514742917
-0.509,-0.176,9.836,-1.5258789E-5,-1.5258789E-5,-1.5258789E-5,383.0,-0.5065155,-0.09916687,9.793045,-0.024673462,0.0038146973,0.0953064,-0.017181396,0.019927979,0.49520874,2016-12-30 13:05:47,55.039295859902126
-0.539,-0.107,9.816,-1.5258789E-5,-1.5258789E-5,-1.5258789E-5,383.0,-0.5084381,-0.106155396,9.792877,0.018096924,-0.0027923584,-0.013473511,-0.017410278,0.019958496,0.48947144,2016-12-30 13:05:48,29.349366473838543
-0.509,-0.088,9.807,-1.5258789E-5,-1.5258789E-5,-1.5258789E-5,383.0,-0.49868774,-0.097717285,9.793472,0.008361816,0.002380371,0.06764221,-0.016860962,0.01966858,0.49279785,2016-12-30 13:05:49,60.77191940412895
-0.5,-0.117,9.816,-1.5258789E-5,-1.5258789E-5,-1.5258789E-5,383.0,-0.5115967,-0.10549927,9.792725,0.021270752,0.0101623535,2.89917E-4,-0.017486572,0.020080566,0.49057007,2016-12-30 13:05:50,20.423285861523045
-0.49,-0.137,9.865,1.5258789E-5,1.5258789E-5,1.5258789E-5,383.0,-0.50172424,-0.100479126,9.793289,-0.04307556,-0.008468628,0.06782532,-0.01689148,0.019882202,0.48483276,2016-12-30 13:05:51,63.69286528367117
-0.509,-0.107,9.748,-1.5258789E-5,-1.5258789E-5,-1.5258789E-5,382.0,-0.50276184,-0.10081482,9.793228,-0.014801025,0.0054626465,0.027023315,-0.017120361,0.019760132,0.49349976,2016-12-30 13:05:52,49.33003190110125
-0.539,-0.078,9.846,-1.5258789E-5,-1.5258789E-5,-1.5258789E-5,382.0,-0.49319458,-0.10536194,9.793671,0.0028533936,0.037246704,0.06744385,-0.01701355,0.01927185,0.49040222,2016-12-30 13:05:53,60.811529834722045
-0.529,-0.117,9.846,1.5258789E-5,1.5258789E-5,1.5258789E-5,382.0,-0.49256897,-0.10342407,9.793716,0.015853882,0.021697998,0.026535034,-0.016967773,0.019241333,0.4930725,2016-12-30 13:05:54,44.70234836524416
-0.49,-0.137,9.885,-1.5258789E-5,-1.5258789E-5,-1.5258789E-5,382.0,-0.50486755,-0.09616089,9.793167,-0.0126953125,0.014434814,0.20414734,-0.01689148,0.02003479,0.49023438,2016-12-30 13:05:55,56.133556381046105
-0.48,-0.127,9.797,1.5258789E-5,1.5258789E-5,1.5258789E-5,382.0,-0.4976654,-0.093948364,9.793564,-0.0062713623,-0.028625488,0.09480286,-0.016601563,0.01977539,0.48976135,2016-12-30 13:05:56,64.55763854676432
-0.49,-0.088,9.816,1.5258789E-5,1.5258789E-5,1.5258789E-5,383.0,-0.513504,-0.11175537,9.792557,0.023162842,-0.02444458,0.0549469,-0.01776123,0.020050049,0.4885559,2016-12-30 13:05:57,48.52702150800521
-0.5,-0.068,9.836,1.5258789E-5,1.5258789E-5,1.5258789E-5,378.0,-0.49827576,-0.10090637,9.793457,0.048812866,0.019180298,0.013183594,-0.016952515,0.019607544,0.49064636,2016-12-30 13:05:58,50.86014456244371
-0.48,-0.127,9.885,1.5258789E-5,1.5258789E-5,1.5258789E-5,376.0,-0.47842407,-0.08227539,9.794617,0.028945923,-0.026672363,0.012008667,-0.015609741,0.019195557,0.4902649,2016-12-30 13:05:59,59.71496021342067
-0.519,-0.049,9.836,1.5258789E-5,1.5258789E-5,1.5258789E-5,354.0,-0.4738617,-0.08244324,9.794846,-0.030075073,0.014343262,0.011795044,-0.015365601,0.019119263,0.48336792,2016-12-30 13:06:00,59.40051101364218
-0.588,0.166,9.905,-0.019042969,0.013000488,-0.063812256,319.0,-0.468338,0.24768066,9.792328,-0.035598755,0.024719238,-0.040145874,-3.2043457E-4,0.027008057,0.47795105,2016-12-30 13:06:01,64.61502349962635
-0.441,0.009,9.797,-1.5258789E-5,-1.5258789E-5,-1.5258789E-5,346.0,-0.44558716,6.713867E-4,9.796509,0.009735107,-6.713867E-4,-0.017105103,-0.010864258,0.019943237,0.47984314,2016-12-30 13:06:02,46.722118579069516
-0.441,0.019,9.865,-1.5258789E-5,-1.5258789E-5,-1.5258789E-5,344.0,-0.42074585,-1.373291E-4,9.797607,-0.015075684,-0.013458252,0.022644043,-0.010253906,0.018844604,0.47776794,2016-12-30 13:06:03,55.54976686752853
-0.402,-0.009,9.885,1.5258789E-5,1.5258789E-5,1.5258789E-5,350.0,-0.417511,1.373291E-4,9.797745,0.008895874,-1.373291E-4,0.022506714,-0.010147095,0.018707275,0.47703552,2016-12-30 13:06:04,64.17382361680913
-0.392,0.009,9.797,1.5258789E-5,1.5258789E-5,1.5258789E-5,352.0,-0.41246033,-0.0036010742,9.797958,0.0038452148,-0.009994507,0.02229309,-0.010253906,0.018356323,0.4802704,2016-12-30 13:06:05,34.445001001533065
-0.431,-0.009,9.836,-1.5258789E-5,-1.5258789E-5,-1.5258789E-5,349.0,-0.4192047,-0.006866455,9.797684,-0.03024292,0.006866455,0.022583008,-0.010467529,0.018630981,0.47564697,2016-12-30 13:06:06,61.36004895507747
-0.411,0.068,9.571,-1.5258789E-5,-1.5258789E-5,-1.5258789E-5,342.0,-0.4089203,-0.0071258545,9.798111,-0.06777954,-0.047348022,-0.08680725,-0.010360718,0.018081665,0.48214722,2016-12-30 13:06:07,58.97435630643897
-0.715,0.558,9.816,0.13708496,0.035873413,-0.1699524,257.0,-0.4827423,0.2431488,9.791733,-0.007583618,0.24716187,0.014892578,-6.4086914E-4,0.027557373,0.4703827,2016-12-30 13:06:08,67.89086382823527
-0.451,0.0,9.797,-0.033828735,-0.014968872,0.0340271,354.0,-0.50546265,0.05885315,9.7934265,-0.01210022,-0.03161621,0.013198853,-0.008651733,0.024459839,0.44030762,2016-12-30 13:06:09,50.129846807588265
-0.284,-0.009,9.522,0.016784668,0.00970459,-0.033798218,364.0,-0.41566467,-0.023590088,9.797806,0.27944946,-0.18069458,0.58088684,-0.010498047,0.018447876,0.44432068,2016-12-30 13:06:10,49.18288043776292
-0.343,-0.058,9.865,-1.5258789E-5,-1.5258789E-5,-1.5258789E-5,372.0,-0.3435669,-0.02909851,9.800583,0.0030670166,-0.011749268,0.019683838,-0.009094238,0.015045166,0.443161,2016-12-30 13:06:11,62.17107375230314
-0.313,-0.019,9.856,1.5258789E-5,1.5258789E-5,1.5258789E-5,374.0,-0.32711792,-0.03666687,9.801117,0.0138549805,-0.0041656494,0.0872345,-0.009124756,0.014083862,0.44685364,2016-12-30 13:06:12,62.8538411814537
-0.343,-0.019,9.875,-1.5258789E-5,-1.5258789E-5,-1.5258789E-5,374.0,-0.3354187,-0.025558472,9.800873,0.022155762,-0.001663208,0.019378662,-0.008773804,0.014724731,0.44517517,2016-12-30 13:06:13,41.666365429190115
-0.343,-0.039,9.885,1.5258789E-5,1.5258789E-5,1.5258789E-5,374.0,-0.32521057,-0.03404236,9.801193,0.011932373,-0.020431519,0.08717346,-0.00894165,0.0140686035,0.44555664,2016-12-30 13:06:14,29.77497202430669
-0.274,-0.049,9.865,1.5258789E-5,1.5258789E-5,1.5258789E-5,374.0,-0.3374939,-0.041732788,9.800751,0.065078735,0.02810669,0.019515991,-0.009628296,0.014419556,0.44908142,2016-12-30 13:06:15,49.72122796119728
-0.323,-0.039,9.826,1.5258789E-5,1.5258789E-5,1.5258789E-5,372.0,-0.32792664,-0.023345947,9.801132,0.028289795,-0.0038909912,0.03274536,-0.008544922,0.014419556,0.44740295,2016-12-30 13:06:16,33.91624867714695
-0.254,-0.039,9.954,-1.5258789E-5,-1.5258789E-5,-1.5258789E-5,348.0,-0.33683777,-0.01979065,9.800842,0.0099487305,0.01979065,-0.0078125,-0.008514404,0.0149383545,0.4438324,2016-12-30 13:06:17,60.653082337685575
-0.333,-0.049,9.836,1.5258789E-5,1.5258789E-5,1.5258789E-5,367.0,-0.33032227,-0.034805298,9.80101,0.030670166,-0.0060424805,0.0056152344,-0.009094238,0.014282227,0.44552612,2016-12-30 13:06:18,69.76572804978538
-0.304,-0.029,9.797,-1.5258789E-5,-1.5258789E-5,-1.5258789E-5,333.0,-0.3228302,-0.02482605,9.8013,-0.017654419,-0.029632568,0.046203613,-0.0084991455,0.014144897,0.4478302,2016-12-30 13:06:19,43.69089764370073
-0.382,-0.029,9.787,1.5258789E-5,1.5258789E-5,1.5258789E-5,315.0,-0.33355713,-0.0259552,9.800934,-0.047790527,-0.0012817383,0.019317627,-0.008728027,0.0146484375,0.44369507,2016-12-30 13:06:20,64.47414333187453
-0.343,-0.039,9.865,-1.5258789E-5,-1.5258789E-5,-1.5258789E-5,352.0,-0.3279419,-0.025466919,9.801132,0.014663696,-0.0017547607,0.019134521,-0.008636475,0.014373779,0.44703674,2016-12-30 13:06:21,38.69830742392155
-0.343,-0.039,9.797,-1.5258789E-5,-1.5258789E-5,-1.5258789E-5,354.0,-0.32035828,-0.023101807,9.801376,-0.020126343,0.023101807,0.018875122,-0.008331299,0.014099121,0.4454651,2016-12-30 13:06:22,10.664496839841881
-0.313,-0.098,9.836,-1.5258789E-5,-1.5258789E-5,-1.5258789E-5,360.0,-0.32789612,-0.02784729,9.801117,-0.01260376,6.1035156E-4,-0.035324097,-0.00869751,0.014343262,0.44459534,2016-12-30 13:06:23,59.331915671747524
-0.362,-0.098,9.816,1.5258789E-5,1.5258789E-5,1.5258789E-5,360.0,-0.32746887,-0.02458191,9.801147,-0.026657104,-0.0026397705,0.05996704,-0.008605957,0.0143585205,0.4481964,2016-12-30 13:06:24,58.242956116954005
-0.323,-0.019,9.905,-1.5258789E-5,-1.5258789E-5,-1.5258789E-5,359.0,-0.33015442,-0.02192688,9.801056,0.030517578,-0.0052948,0.060058594,-0.008529663,0.014541626,0.44795227,2016-12-30 13:06:25,31.586928232560073
-0.323,-0.058,9.846,-1.5258789E-5,-1.5258789E-5,-1.5258789E-5,360.0,-0.32199097,-0.023468018,9.801331,-0.018493652,-0.01737976,0.032546997,-0.008361816,0.014160156,0.44458008,2016-12-30 13:06:26,57.46182873370565
-0.304,-0.029,9.807,-1.5258789E-5,-1.5258789E-5,-1.5258789E-5,360.0,-0.3344574,-0.034454346,9.800873,0.021194458,0.020843506,0.019378662,-0.009140015,0.01449585,0.443573,2016-12-30 13:06:27,35.71908336396664
-0.323,-0.019,9.767,-1.5258789E-5,-1.5258789E-5,-1.5258789E-5,356.0,-0.32977295,-0.03390503,9.801041,-0.01071167,0.02029419,0.019210815,-0.009033203,0.014282227,0.4456787,2016-12-30 13:06:28,45.63597041223842
-0.313,-0.049,9.807,1.5258789E-5,1.5258789E-5,1.5258789E-5,356.0,-0.31733704,-0.02180481,9.801483,-0.023147583,0.02180481,0.059631348,-0.008178711,0.01399231,0.44418335,2016-12-30 13:06:29,9.741823497624507
-0.313,-0.029,9.816,1.5258789E-5,1.5258789E-5,1.5258789E-5,361.0,-0.32362366,-0.018859863,9.801285,-0.01687622,-0.021987915,-0.008255005,-0.008148193,0.014373779,0.44155884,2016-12-30 13:06:30,58.43485053048489
-0.343,-0.029,9.797,-1.5258789E-5,-1.5258789E-5,-1.5258789E-5,361.0,-0.32339478,-0.028198242,9.80127,0.010116577,9.613037E-4,0.05984497,-0.008529663,0.014175415,0.43927002,2016-12-30 13:06:31,69.35484943037766
-0.353,-0.039,9.846,1.5258789E-5,1.5258789E-5,1.5258789E-5,354.0,-0.33190918,-0.02609253,9.800995,-0.008590698,0.02609253,0.01927185,-0.008743286,0.014541626,0.4465332,2016-12-30 13:06:32,70.63204967409355
-0.343,-0.029,9.816,-1.5258789E-5,-1.5258789E-5,-1.5258789E-5,359.0,-0.308136,-0.033996582,9.801743,0.008483887,0.0067443848,0.04576111,-0.008590698,0.013259888,0.4490204,2016-12-30 13:06:33,54.720185454757704
-0.333,-0.049,9.797,1.5258789E-5,1.5258789E-5,1.5258789E-5,361.0,-0.32029724,-0.018676758,9.801392,0.03427124,-0.02217102,0.10058594,-0.008117676,0.014190674,0.4449463,2016-12-30 13:06:34,59.06683640734271
-0.333,-0.058,9.826,-1.5258789E-5,-1.5258789E-5,-1.5258789E-5,361.0,-0.3279419,-0.026107788,9.801117,-0.012542725,-0.01473999,0.05999756,-0.008636475,0.014373779,0.44509888,2016-12-30 13:06:35,25.559159122256446
-0.343,-0.049,9.826,-1.5258789E-5,-1.5258789E-5,-1.5258789E-5,363.0,-0.3360138,-0.031036377,9.800842,0.009124756,0.0037994385,0.019424438,-0.008956909,0.014678955,0.44041443,2016-12-30 13:06:36,59.63771494434836
-0.343,-0.009,9.836,-1.5258789E-5,-1.5258789E-5,-1.5258789E-5,361.0,-0.33139038,-0.018981934,9.801025,0.018112183,0.005355835,0.12818909,-0.008392334,0.014678955,0.44599915,2016-12-30 13:06:37,33.661039780692704
-0.372,-0.029,9.865,1.5258789E-5,1.5258789E-5,1.5258789E-5,361.0,-0.32009888,-0.019821167,9.801392,0.020446777,-0.0074005127,-0.008361816,-0.00819397,0.014144897,0.44673157,2016-12-30 13:06:38,62.486170521063585
-0.343,-0.009,9.836,1.5258789E-5,1.5258789E-5,1.5258789E-5,360.0,-0.32832336,-0.018966675,9.801132,-0.06665039,-0.049118042,0.0872345,-0.00831604,0.014556885,0.44552612,2016-12-30 13:06:39,47.639084044057384
-0.362,-0.039,9.905,1.5258789E-5,1.5258789E-5,1.5258789E-5,335.0,-0.32577515,-0.023513794,9.8012085,0.012512207,-0.0037078857,0.005432129,-0.008514404,0.014312744,0.44812012,2016-12-30 13:06:40,62.45840225688784
-0.362,-0.019,9.865,1.5258789E-5,1.5258789E-5,1.5258789E-5,310.0,-0.3387909,-0.018066406,9.800766,0.039138794,-0.009155273,0.06034851,-0.00843811,0.015090942,0.4406891,2016-12-30 13:06:41,59.60280282725843
-0.353,-0.049,9.807,1.5258789E-5,1.5258789E-5,1.5258789E-5,352.0,-0.33839417,-0.027160645,9.800766,-0.015731812,-6.1035156E-5,0.005874634,-0.008911133,0.014831543,0.44499207,2016-12-30 13:06:42,28.855660505314344
-0.353,-0.019,9.856,1.5258789E-5,1.5258789E-5,1.5258789E-5,363.0,-0.35601807,-0.02947998,9.80014,0.0155181885,-0.024978638,0.020126343,-0.009414673,0.015579224,0.44467163,2016-12-30 13:06:43,63.675124734119
-0.353,-0.019,9.826,1.5258789E-5,1.5258789E-5,1.5258789E-5,364.0,-0.3413086,-0.029251099,9.800659,0.028045654,0.0019989014,-0.0076293945,-0.009124756,0.014892578,0.44758606,2016-12-30 13:06:44,54.2412252076539
-0.372,-0.019,9.767,1.5258789E-5,1.5258789E-5,1.5258789E-5,364.0,-0.3236084,-0.03665161,9.801239,-0.044128418,0.03665161,0.059890747,-0.008972168,0.013961792,0.4423828,2016-12-30 13:06:45,47.84296308575702
-0.362,-0.019,9.816,1.5258789E-5,1.5258789E-5,1.5258789E-5,365.0,-0.3295288,-0.03517151,9.801041,-0.024597168,0.021560669,0.032836914,-0.009124756,0.014205933,0.44836426,2016-12-30 13:06:46,52.827525116444846
-0.372,-0.029,9.846,-1.5258789E-5,-1.5258789E-5,-1.5258789E-5,364.0,-0.33518982,-0.040771484,9.800827,-0.046157837,-0.013702393,-0.007797241,-0.00944519,0.014389038,0.44418335,2016-12-30 13:06:47,68.02423943418202
-0.343,-0.058,9.561,-1.5258789E-5,-1.5258789E-5,-1.5258789E-5,364.0,-0.33041382,-0.033294678,9.801025,-0.023712158,0.0060577393,0.032852173,-0.009170532,0.014221191,0.45491028,2016-12-30 13:06:48,58.10894512131892
-0.343,-0.039,9.816,1.5258789E-5,1.5258789E-5,1.5258789E-5,364.0,-0.3319397,-0.030426025,9.80098,0.018676758,0.016799927,0.046524048,-0.00894165,0.014450073,0.44674683,2016-12-30 13:06:49,81.03523358662697
-0.343,-0.049,9.836,-1.5258789E-5,-1.5258789E-5,-1.5258789E-5,359.0,-0.33502197,-0.031021118,9.800873,-0.0054779053,0.0037841797,0.0602417,-0.0090789795,0.014556885,0.44862366,2016-12-30 13:06:50,49.12398062622635
-0.304,-0.039,9.905,1.5258789E-5,1.5258789E-5,1.5258789E-5,352.0,-0.3290558,-0.023239136,9.801102,-0.025054932,0.023239136,-0.008056641,-0.008468628,0.014526367,0.4415741,2016-12-30 13:06:51,20.280698078658162
-0.323,-0.029,9.797,-1.5258789E-5,-1.5258789E-5,-1.5258789E-5,350.0,-0.3177948,-0.020874023,9.801468,0.0045166016,-0.0063476563,-0.049301147,-0.008178711,0.014007568,0.44670105,2016-12-30 13:06:52,66.69332045934236
-0.392,-0.039,9.816,1.5258789E-5,1.5258789E-5,1.5258789E-5,354.0,-0.32785034,-0.024017334,9.801132,-0.039871216,-0.030456543,0.019119263,-0.008529663,0.014419556,0.44467163,2016-12-30 13:06:53,68.41290597770326
-0.382,-0.019,9.728,-1.5258789E-5,-1.5258789E-5,-1.5258789E-5,364.0,-0.34376526,-0.02619934,9.800583,0.03050232,-0.0010375977,0.01966858,-0.008956909,0.01512146,0.44265747,2016-12-30 13:06:54,46.3067842830052
-0.362,-0.019,9.836,-1.5258789E-5,-1.5258789E-5,-1.5258789E-5,338.0,-0.31282043,-0.02659607,9.8016205,-0.014053345,0.0129852295,0.0050201416,-0.00843811,0.013595581,0.4535675,2016-12-30 13:06:55,19.681453489606877
-0.304,-0.029,9.826,1.5258789E-5,1.5258789E-5,1.5258789E-5,329.0,-0.33259583,-0.02255249,9.80098,0.019317627,-0.031906128,0.060134888,-0.008575439,0.014663696,0.44480896,2016-12-30 13:06:56,64.17378655445275
-0.313,-0.019,9.875,-1.5258789E-5,-1.5258789E-5,-1.5258789E-5,345.0,-0.3204193,-0.029129028,9.801361,0.007156372,0.001876831,0.01889038,-0.008575439,0.013977051,0.44340515,2016-12-30 13:06:57,53.905169760611145
-0.362,-0.058,9.816,1.5258789E-5,1.5258789E-5,1.5258789E-5,345.0,-0.32681274,-0.024658203,9.801163,-0.027297974,-0.0025787354,0.046325684,-0.008544922,0.014343262,0.44584656,2016-12-30 13:06:58,43.15151419814399
-0.333,-0.019,9.846,1.5258789E-5,1.5258789E-5,1.5258789E-5,350.0,-0.32569885,-0.023132324,9.8012085,0.03967285,-0.0041046143,-0.049041748,-0.008377075,0.014373779,0.44065857,2016-12-30 13:06:59,67.69157222421046
-0.372,-0.029,9.826,-1.5258789E-5,-1.5258789E-5,-1.5258789E-5,346.0,-0.31881714,-0.022857666,9.801437,-0.008056641,0.022857666,0.018829346,-0.008224487,0.0140686035,0.44161987,2016-12-30 13:07:00,67.6663464314065
-0.313,-0.049,9.797,1.5258789E-5,1.5258789E-5,1.5258789E-5,348.0,-0.32235718,-0.025665283,9.801315,0.049957275,0.025665283,0.10066223,-0.008422852,0.014160156,0.44140625,2016-12-30 13:07:01,63.927146591284426
-0.392,-0.049,9.875,-1.5258789E-5,-1.5258789E-5,-1.5258789E-5,340.0,-0.33033752,-0.02722168,9.801041,-0.037399292,-0.027252197,0.046463013,-0.008804321,0.014419556,0.44973755,2016-12-30 13:07:02,66.55423668998647
-0.323,-0.009,9.895,-1.5258789E-5,-1.5258789E-5,-1.5258789E-5,353.0,-0.32385254,-0.024673462,9.80127,-0.043884277,0.011047363,-0.008239746,-0.00843811,0.01423645,0.44317627,2016-12-30 13:07:03,70.67956558164593
-0.333,-0.039,9.856,-1.5258789E-5,-1.5258789E-5,-1.5258789E-5,354.0,-0.3249817,-0.020080566,9.801239,-0.0018920898,0.020080566,0.019012451,-0.008285522,0.014373779,0.44537354,2016-12-30 13:07:05,58.40784332346143
-0.392,-0.019,9.914,-1.5258789E-5,-1.5258789E-5,-1.5258789E-5,356.0,-0.3299408,-0.030944824,9.801041,0.043914795,0.0037078857,0.032836914,-0.008972168,0.014312744,0.4497528,2016-12-30 13:07:06,63.71306705651837
-0.372,-0.058,9.826,1.5258789E-5,1.5258789E-5,1.5258789E-5,354.0,-0.3234253,-0.027191162,9.80127,-0.017059326,-0.027282715,0.018981934,-0.008575439,0.014144897,0.44532776,2016-12-30 13:07:07,62.686019632353656
-0.333,-0.019,9.846,-1.5258789E-5,-1.5258789E-5,-1.5258789E-5,354.0,-0.32162476,-0.02772522,9.801331,-0.018859863,-0.013122559,0.018920898,-0.008651733,0.01399231,0.45108032,2016-12-30 13:07:08,66.38936137243871
-0.304,-0.039,9.865,-1.5258789E-5,-1.5258789E-5,-1.5258789E-5,354.0,-0.32299805,-0.02671814,9.801285,0.009719849,-5.0354004E-4,-0.008255005,-0.008575439,0.01411438,0.44664,2016-12-30 13:07:09,51.81472174466785
-0.343,-0.039,9.865,1.5258789E-5,1.5258789E-5,1.5258789E-5,357.0,-0.32492065,-0.018539429,9.801239,-0.0019378662,-0.03591919,-0.0082092285,-0.00819397,0.014419556,0.44377136,2016-12-30 13:07:10,25.935218632616643
-0.333,-0.068,9.797,1.5258789E-5,1.5258789E-5,1.5258789E-5,352.0,-0.31803894,-0.016693115,9.801468,-0.036071777,-0.024154663,-0.00843811,-0.007949829,0.014160156,0.44306946,2016-12-30 13:07:11,71.30184883643001
-0.313,-0.009,9.865,1.5258789E-5,1.5258789E-5,1.5258789E-5,335.0,-0.3142395,-0.018951416,9.80159,0.014587402,0.005340576,0.018661499,-0.008010864,0.013900757,0.4464569,2016-12-30 13:07:12,62.760644544782664
-0.323,0.0,9.816,-1.5258789E-5,-1.5258789E-5,-1.5258789E-5,361.0,-0.34747314,-0.040100098,9.8004,0.020584106,-0.014373779,-0.048233032,-0.009750366,0.014923096,0.44778442,2016-12-30 13:07:13,61.28513963931374
-0.343,-0.039,9.856,1.5258789E-5,1.5258789E-5,1.5258789E-5,357.0,-0.32884216,-0.02418518,9.801102,0.015563965,-0.0030517578,0.019165039,-0.008514404,0.014480591,0.44252014,2016-12-30 13:07:14,66.29185460039609
-0.323,-0.058,9.836,-1.5258789E-5,-1.5258789E-5,-1.5258789E-5,356.0,-0.33007813,-0.01927185,9.801071,-0.024032593,-0.007949829,0.07366943,-0.00831604,0.014663696,0.44174194,2016-12-30 13:07:15,55.66677035956193
-0.343,0.009,9.816,1.5258789E-5,1.5258789E-5,1.5258789E-5,346.0,-0.3134613,-0.023452759,9.801605,-0.013412476,-0.0037841797,0.0050354004,-0.008178711,0.013763428,0.44551086,2016-12-30 13:07:16,55.43403734869415
-0.362,-0.039,9.816,1.5258789E-5,1.5258789E-5,1.5258789E-5,326.0,-0.3238678,-0.025863647,9.801254,-0.016616821,-0.001373291,0.018997192,-0.008483887,0.014221191,0.44291687,2016-12-30 13:07:17,65.6277294978151
-0.304,-0.029,9.748,1.5258789E-5,1.5258789E-5,1.5258789E-5,353.0,-0.32504272,-0.019821167,9.801239,-0.029067993,0.006210327,0.01902771,-0.008239746,0.014404297,0.44308472,2016-12-30 13:07:18,44.95651423721
-0.333,-0.068,9.826,1.5258789E-5,1.5258789E-5,1.5258789E-5,363.0,-0.32989502,-0.031219482,9.801041,-0.0105896,0.003982544,0.046447754,-0.008956909,0.014312744,0.44836426,2016-12-30 13:07:19,64.15309515322915
-0.353,-0.058,9.816,1.5258789E-5,1.5258789E-5,1.5258789E-5,364.0,-0.32685852,-0.02532959,9.801163,0.02720642,-0.0018920898,0.046340942,-0.008575439,0.014343262,0.4456787,2016-12-30 13:07:20,39.395625395125734
-0.313,-0.058,9.865,-1.5258789E-5,-1.5258789E-5,-1.5258789E-5,369.0,-0.34181213,-0.037002563,9.800613,0.0013122559,0.037002563,0.0060272217,-0.009414673,0.014770508,0.44366455,2016-12-30 13:07:21,58.14087665560608
-0.372,-0.039,9.856,-1.5258789E-5,-1.5258789E-5,-1.5258789E-5,367.0,-0.3394928,-0.03744507,9.80069,0.026229858,0.01020813,0.046798706,-0.009429932,0.014633179,0.4460907,2016-12-30 13:07:22,46.07436445502249
-0.264,-0.009,9.807,-1.5258789E-5,-1.5258789E-5,-1.5258789E-5,318.0,-0.32200623,-0.021438599,9.801331,0.06323242,0.021438599,0.0053100586,-0.008300781,0.014205933,0.44607544,2016-12-30 13:07:23,57.550437092770075
-0.343,-0.029,9.856,1.5258789E-5,1.5258789E-5,1.5258789E-5,363.0,-0.3138275,-0.021911621,9.80159,-0.026672363,-0.0053253174,0.032287598,-0.008102417,0.013839722,0.44404602,2016-12-30 13:07:24,51.02409655041895
-0.304,-0.019,9.787,-1.5258789E-5,-1.5258789E-5,-1.5258789E-5,368.0,-0.33198547,-0.037338257,9.800949,0.018722534,0.023727417,0.019302368,-0.009262085,0.014282227,0.4469757,2016-12-30 13:07:25,65.43459953724944
-0.313,-0.068,9.826,-1.5258789E-5,-1.5258789E-5,-1.5258789E-5,369.0,-0.31874084,-0.040512085,9.801376,0.0054779053,-3.3569336E-4,0.07336426,-0.009109497,0.01361084,0.44677734,2016-12-30 13:07:26,64.79553491495628
-0.294,-0.049,9.856,-1.5258789E-5,-1.5258789E-5,-1.5258789E-5,369.0,-0.3203125,-0.03276062,9.801361,-0.0065460205,0.0055236816,0.07337952,-0.008758545,0.013885498,0.4446106,2016-12-30 13:07:27,41.785018183325576
-0.294,-0.039,9.856,1.5258789E-5,1.5258789E-5,1.5258789E-5,369.0,-0.3152771,-0.027893066,9.801529,0.029251099,6.5612793E-4,0.05958557,-0.008422852,0.013763428,0.44470215,2016-12-30 13:07:28,66.48436358534883
-0.372,-0.068,9.816,-1.5258789E-5,-1.5258789E-5,-1.5258789E-5,364.0,-0.32687378,-0.026489258,9.801163,0.013595581,-0.0143585205,0.019104004,-0.008605957,0.014328003,0.44410706,2016-12-30 13:07:29,58.76835892145404
-0.323,-0.049,9.856,-1.5258789E-5,-1.5258789E-5,-1.5258789E-5,312.0,-0.31932068,-0.026000977,9.801407,-0.0075531006,-0.0012207031,0.046081543,-0.008544922,0.013916016,0.45222473,2016-12-30 13:07:30,55.61041275070235
-0.333,-0.029,9.865,1.5258789E-5,1.5258789E-5,1.5258789E-5,291.0,-0.3277588,-0.029388428,9.801117,0.01449585,0.029388428,-0.008087158,-0.008804321,0.014282227,0.44657898,2016-12-30 13:07:31,26.573733564596544
-0.333,-0.019,9.787,-1.5258789E-5,-1.5258789E-5,-1.5258789E-5,295.0,-0.34043884,-0.04496765,9.800629,-0.040908813,0.03135681,0.019622803,-0.009780884,0.014511108,0.44525146,2016-12-30 13:07:32,63.21130711167342
-0.343,-0.078,9.934,-1.5258789E-5,-1.5258789E-5,-1.5258789E-5,322.0,-0.3381195,-0.03529358,9.800751,-0.002380371,-0.005554199,-0.034957886,-0.009231567,0.014663696,0.44210815,2016-12-30 13:07:33,29.397039717803928
-0.068,0.529,9.659,0.188797,-0.06321716,-0.08508301,312.0,-0.28231812,0.47132874,9.7912445,0.28231812,0.22328186,0.083496094,0.015335083,0.0234375,0.43644714,2016-12-30 13:07:34,43.89171623799637
-0.147,0.411,9.797,0.045516968,-0.013214111,0.1268158,312.0,-0.16040039,0.16421509,9.803955,-0.003036499,0.121795654,-0.024551392,0.003982544,0.011001587,0.43389893,2016-12-30 13:07:35,63.68783830459443