ACC_X,ACC_Y,ACC_Z,LIGH_1,TIME,VOICE
-4.108,9.194,0.402,0.0,2016-11-12 17:45:57,-Infinity
-4.108,9.194,0.095,0.0,2016-11-12 17:45:58,-Infinity
0.488,9.194,0.555,0.0,2016-11-12 17:45:59,-Infinity
0.181,9.96,1.168,0.0,2016-11-12 17:46:00,-Infinity
-0.124,9.653,1.015,0.0,2016-11-12 17:46:01,-Infinity
10.908,6.895,3.313,4.0,2016-11-12 17:46:02,-Infinity
9.529,2.758,0.708,4.0,2016-11-12 17:46:03,-Infinity
9.222,2.604,1.015,4.0,2016-11-12 17:46:04,-Infinity
9.069,2.911,2.241,4.0,2016-11-12 17:46:05,-Infinity
9.376,2.604,0.708,0.0,2016-11-12 17:46:06,-Infinity
7.843,3.83,-0.823,0.0,2016-11-12 17:46:07,-Infinity
9.529,2.298,-1.13,0.0,2016-11-12 17:46:08,-Infinity
9.376,2.451,0.095,0.0,2016-11-12 17:46:09,-Infinity
9.376,2.604,-0.057,0.0,2016-11-12 17:46:10,-Infinity
9.376,2.451,-0.057,0.0,2016-11-12 17:46:11,-Infinity
9.222,2.451,-0.057,0.0,2016-11-12 17:46:12,-Infinity
9.376,2.451,0.249,0.0,2016-11-12 17:46:13,-Infinity
9.376,3.83,-0.976,0.0,2016-11-12 17:46:14,-Infinity
9.069,5.516,1.321,4.0,2016-11-12 17:46:15,-Infinity
9.069,3.984,1.628,4.0,2016-11-12 17:46:16,-Infinity
7.996,5.822,1.015,4.0,2016-11-12 17:46:17,-Infinity
8.15,5.822,2.547,4.0,2016-11-12 17:46:18,-Infinity
8.609,4.75,2.241,4.0,2016-11-12 17:46:19,-Infinity
8.303,4.75,1.015,4.0,2016-11-12 17:46:20,-Infinity
8.456,4.597,1.168,4.0,2016-11-12 17:46:21,-Infinity
8.303,4.597,1.168,4.0,2016-11-12 17:46:22,-Infinity
8.609,4.137,1.628,4.0,2016-11-12 17:46:23,-Infinity
8.15,5.056,0.402,4.0,2016-11-12 17:46:24,-Infinity
8.15,4.903,1.474,4.0,2016-11-12 17:46:25,-Infinity
8.303,5.056,1.628,4.0,2016-11-12 17:46:26,-Infinity
8.609,4.75,1.321,4.0,2016-11-12 17:46:27,-Infinity
8.303,4.75,2.087,4.0,2016-11-12 17:46:28,-Infinity
8.303,4.75,1.474,4.0,2016-11-12 17:46:29,-Infinity
8.609,4.75,1.474,4.0,2016-11-12 17:46:30,-Infinity
8.609,4.75,1.321,4.0,2016-11-12 17:46:31,-Infinity
8.609,4.597,1.474,4.0,2016-11-12 17:46:32,-Infinity
8.609,4.75,1.474,4.0,2016-11-12 17:46:33,-Infinity
8.456,4.443,0.861,4.0,2016-11-12 17:46:34,-Infinity
8.609,4.443,1.015,4.0,2016-11-12 17:46:35,-Infinity
8.456,4.597,1.474,4.0,2016-11-12 17:46:36,-Infinity
8.763,4.597,1.781,4.0,2016-11-12 17:46:37,-Infinity
8.609,4.29,1.321,4.0,2016-11-12 17:46:38,-Infinity
8.609,4.443,1.474,4.0,2016-11-12 17:46:39,-Infinity
8.763,4.443,1.321,4.0,2016-11-12 17:46:40,-Infinity
8.303,3.984,1.015,4.0,2016-11-12 17:46:41,-Infinity
8.763,4.29,2.087,4.0,2016-11-12 17:46:42,-Infinity
8.456,4.137,1.015,4.0,2016-11-12 17:46:43,-Infinity
8.763,4.137,1.474,4.0,2016-11-12 17:46:44,-Infinity
8.609,4.137,1.474,4.0,2016-11-12 17:46:45,-Infinity
8.609,4.137,1.934,4.0,2016-11-12 17:46:46,-Infinity
8.609,4.29,2.087,4.0,2016-11-12 17:46:47,-Infinity
8.763,4.137,1.628,4.0,2016-11-12 17:46:48,-Infinity
8.763,3.984,1.474,4.0,2016-11-12 17:46:49,-Infinity
8.763,4.137,1.474,4.0,2016-11-12 17:46:50,-Infinity
8.763,4.137,1.474,4.0,2016-11-12 17:46:51,-Infinity
8.763,3.83,1.781,4.0,2016-11-12 17:46:52,-Infinity
8.763,3.984,1.474,4.0,2016-11-12 17:46:53,-Infinity
8.763,3.83,2.087,4.0,2016-11-12 17:46:54,-Infinity
8.763,3.83,1.321,4.0,2016-11-12 17:46:55,-Infinity
8.763,3.83,1.168,4.0,2016-11-12 17:46:56,-Infinity
9.069,3.83,1.628,4.0,2016-11-12 17:46:57,-Infinity
7.537,5.056,1.781,4.0,2016-11-12 17:46:58,-Infinity
8.15,5.209,1.474,4.0,2016-11-12 17:46:59,-Infinity
8.916,-7.355,-1.896,0.0,2016-11-12 17:47:00,-Infinity
7.077,-6.589,-0.823,0.0,2016-11-12 17:47:01,-Infinity
7.383,-5.976,-0.517,0.0,2016-11-12 17:47:02,-Infinity
7.843,-5.516,-0.517,0.0,2016-11-12 17:47:03,-Infinity
7.843,-5.363,-1.13,0.0,2016-11-12 17:47:04,-Infinity
7.996,-5.209,-0.976,0.0,2016-11-12 17:47:05,-Infinity
8.15,-5.056,-0.976,0.0,2016-11-12 17:47:06,-Infinity
7.996,-5.056,-0.823,0.0,2016-11-12 17:47:07,-Infinity
8.303,-4.903,-0.517,4.0,2016-11-12 17:47:08,-Infinity
8.303,-4.903,-0.67,4.0,2016-11-12 17:47:09,-Infinity
8.303,-4.597,-1.589,4.0,2016-11-12 17:47:10,-Infinity
8.15,-4.75,-0.823,4.0,2016-11-12 17:47:11,-Infinity
8.456,-4.75,-0.976,0.0,2016-11-12 17:47:12,-Infinity
8.15,-4.597,-0.67,0.0,2016-11-12 17:47:13,-Infinity
8.303,-4.597,-0.823,0.0,2016-11-12 17:47:15,-Infinity
8.456,-4.75,-0.823,0.0,2016-11-12 17:47:16,-Infinity
8.303,-4.597,-1.283,0.0,2016-11-12 17:47:17,-Infinity
8.456,-4.597,-0.976,0.0,2016-11-12 17:47:18,-Infinity
8.303,-4.75,-0.67,0.0,2016-11-12 17:47:19,-Infinity
8.15,-4.75,-0.517,0.0,2016-11-12 17:47:20,-Infinity
8.456,-4.597,-0.67,0.0,2016-11-12 17:47:21,-Infinity
8.303,-4.75,-1.283,0.0,2016-11-12 17:47:22,-Infinity
8.15,-4.75,-0.517,0.0,2016-11-12 17:47:23,-Infinity
8.456,-4.75,0.095,0.0,2016-11-12 17:47:24,-Infinity
8.303,-4.597,-0.057,0.0,2016-11-12 17:47:25,-Infinity
8.303,-4.75,-1.13,0.0,2016-11-12 17:47:26,-Infinity
8.303,-4.75,-0.517,0.0,2016-11-12 17:47:27,-Infinity
8.456,-4.75,-0.67,0.0,2016-11-12 17:47:28,-Infinity
8.456,-4.75,-0.517,0.0,2016-11-12 17:47:29,-Infinity
8.303,-4.597,-0.67,0.0,2016-11-12 17:47:30,-Infinity
8.456,-4.597,-0.67,0.0,2016-11-12 17:47:31,-Infinity
8.763,-3.677,-1.13,0.0,2016-11-12 17:47:32,-Infinity
7.996,-6.129,1.628,0.0,2016-11-12 17:47:33,-Infinity
4.778,7.661,7.144,0.0,2016-11-12 17:47:34,-Infinity
3.553,6.895,2.547,0.0,2016-11-12 17:47:35,-Infinity
2.786,7.048,6.071,4.0,2016-11-12 17:47:36,-Infinity
-1.656,6.282,7.144,4.0,2016-11-12 17:47:37,-Infinity
3.093,6.589,4.692,4.0,2016-11-12 17:47:38,-Infinity
3.706,7.661,3.466,0.0,2016-11-12 17:47:39,-Infinity
3.859,7.202,4.386,4.0,2016-11-12 17:47:40,-Infinity
19.489,-8.581,-14.001,0.0,2016-11-12 17:47:41,-Infinity
9.069,-2.451,-1.436,12.0,2016-11-12 17:47:42,-Infinity
5.851,6.895,1.934,0.0,2016-11-12 17:47:43,-Infinity
4.012,7.661,1.781,0.0,2016-11-12 17:47:44,-Infinity
5.698,7.048,3.007,0.0,2016-11-12 17:47:45,-Infinity
2.94,8.734,0.402,0.0,2016-11-12 17:47:46,-Infinity
4.625,8.427,3.16,0.0,2016-11-12 17:47:47,-Infinity
1.714,8.121,3.466,0.0,2016-11-12 17:47:48,-Infinity
4.166,8.274,3.313,0.0,2016-11-12 17:47:49,-Infinity
5.391,8.121,2.853,0.0,2016-11-12 17:47:50,-Infinity
4.932,7.661,2.241,0.0,2016-11-12 17:47:51,-Infinity
4.625,7.968,3.16,0.0,2016-11-12 17:47:52,-Infinity
4.472,8.121,3.466,0.0,2016-11-12 17:47:53,-Infinity
4.472,7.661,3.313,0.0,2016-11-12 17:47:54,-Infinity
4.778,7.968,2.853,0.0,2016-11-12 17:47:55,-Infinity
4.932,7.968,2.853,0.0,2016-11-12 17:47:56,-Infinity
4.778,8.427,1.015,0.0,2016-11-12 17:47:57,-Infinity
5.085,7.814,3.16,0.0,2016-11-12 17:47:58,-Infinity
4.778,7.814,2.7,0.0,2016-11-12 17:47:59,-Infinity
4.472,8.121,3.007,0.0,2016-11-12 17:48:00,-Infinity
4.778,8.121,4.233,0.0,2016-11-12 17:48:01,-Infinity
4.625,7.814,3.313,0.0,2016-11-12 17:48:02,-Infinity
4.472,7.968,3.313,0.0,2016-11-12 17:48:03,-Infinity
4.778,7.968,3.62,0.0,2016-11-12 17:48:04,-Infinity
4.778,7.968,3.62,0.0,2016-11-12 17:48:05,-Infinity
4.932,8.121,5.305,0.0,2016-11-12 17:48:06,-Infinity
4.625,7.814,5.152,0.0,2016-11-12 17:48:07,-Infinity
4.778,7.968,3.466,0.0,2016-11-12 17:48:08,-Infinity
4.778,7.968,3.62,0.0,2016-11-12 17:48:09,-Infinity
4.625,7.968,3.773,0.0,2016-11-12 17:48:10,-Infinity
4.625,7.968,3.466,0.0,2016-11-12 17:48:11,-Infinity
4.778,7.968,3.466,0.0,2016-11-12 17:48:12,-Infinity
4.625,7.968,3.62,0.0,2016-11-12 17:48:13,-Infinity
4.625,7.968,2.853,0.0,2016-11-12 17:48:14,-Infinity
4.778,7.814,3.466,0.0,2016-11-12 17:48:15,-Infinity
4.625,8.121,3.773,0.0,2016-11-12 17:48:16,-Infinity
4.625,7.968,3.16,0.0,2016-11-12 17:48:17,-Infinity
4.932,8.121,4.692,0.0,2016-11-12 17:48:18,-Infinity
4.625,8.121,3.62,0.0,2016-11-12 17:48:19,-Infinity
4.625,7.968,3.313,0.0,2016-11-12 17:48:20,-Infinity
4.625,8.274,3.62,0.0,2016-11-12 17:48:21,-Infinity
4.472,7.508,2.7,0.0,2016-11-12 17:48:22,-Infinity
4.932,8.121,2.394,0.0,2016-11-12 17:48:23,-Infinity
7.537,10.266,0.861,0.0,2016-11-12 17:48:24,-Infinity
8.763,4.597,-2.049,0.0,2016-11-12 17:48:25,-Infinity
7.69,6.435,-1.436,0.0,2016-11-12 17:48:26,-Infinity
6.464,6.435,-2.662,0.0,2016-11-12 17:48:27,-Infinity
7.23,6.589,-0.976,0.0,2016-11-12 17:48:28,-Infinity
6.617,6.589,-1.436,0.0,2016-11-12 17:48:29,-Infinity
1.867,9.04,3.007,0.0,2016-11-12 17:48:30,-Infinity
1.101,8.734,4.233,0.0,2016-11-12 17:48:31,-Infinity
-0.124,8.274,5.152,0.0,2016-11-12 17:48:32,-Infinity
2.48,8.274,5.152,0.0,2016-11-12 17:48:33,-Infinity
2.94,8.121,5.918,0.0,2016-11-12 17:48:34,-Infinity
3.706,7.814,3.926,0.0,2016-11-12 17:48:35,-Infinity
3.553,8.121,3.926,0.0,2016-11-12 17:48:36,-Infinity
3.553,8.121,4.079,0.0,2016-11-12 17:48:37,-Infinity
3.553,8.274,4.233,0.0,2016-11-12 17:48:38,-Infinity
3.706,8.274,4.233,0.0,2016-11-12 17:48:39,-Infinity
3.706,8.121,4.079,0.0,2016-11-12 17:48:41,-Infinity
3.706,8.121,3.926,0.0,2016-11-12 17:48:42,-Infinity
3.706,8.274,4.233,0.0,2016-11-12 17:48:43,-Infinity
3.706,8.121,4.386,0.0,2016-11-12 17:48:44,-Infinity
3.706,7.968,3.313,0.0,2016-11-12 17:48:45,-Infinity
3.553,8.121,4.386,0.0,2016-11-12 17:48:46,-Infinity
3.553,8.274,4.233,0.0,2016-11-12 17:48:47,-Infinity
3.706,8.121,4.079,0.0,2016-11-12 17:48:48,-Infinity
3.553,7.968,2.394,0.0,2016-11-12 17:48:49,-Infinity
3.706,8.274,6.071,0.0,2016-11-12 17:48:50,-Infinity
3.706,7.968,3.926,0.0,2016-11-12 17:48:51,-Infinity
3.859,8.121,4.079,0.0,2016-11-12 17:48:52,-Infinity
3.859,7.968,4.079,0.0,2016-11-12 17:48:53,-Infinity
3.706,8.121,4.386,0.0,2016-11-12 17:48:54,-Infinity
3.859,8.121,3.62,0.0,2016-11-12 17:48:55,-Infinity
3.706,7.968,5.305,0.0,2016-11-12 17:48:56,-Infinity
6.617,7.202,1.321,0.0,2016-11-12 17:48:57,-Infinity
7.843,4.597,1.934,4.0,2016-11-12 17:48:58,-Infinity
5.698,8.121,1.474,0.0,2016-11-12 17:48:59,-Infinity
6.924,6.742,-0.517,0.0,2016-11-12 17:49:00,-Infinity
6.924,7.048,1.015,0.0,2016-11-12 17:49:01,-Infinity
6.924,7.048,0.708,0.0,2016-11-12 17:49:02,-Infinity
7.077,6.895,1.015,0.0,2016-11-12 17:49:03,-Infinity
7.077,6.742,0.861,0.0,2016-11-12 17:49:04,-Infinity
6.771,6.742,-0.517,0.0,2016-11-12 17:49:05,-Infinity
6.924,6.742,0.861,0.0,2016-11-12 17:49:06,-Infinity
7.077,6.742,1.168,0.0,2016-11-12 17:49:07,-Infinity
6.924,6.895,1.015,0.0,2016-11-12 17:49:08,-Infinity
6.924,6.895,1.321,0.0,2016-11-12 17:49:09,-Infinity
7.23,6.895,1.015,0.0,2016-11-12 17:49:10,-Infinity
6.924,6.895,1.474,0.0,2016-11-12 17:49:11,-Infinity
6.311,7.202,1.781,0.0,2016-11-12 17:49:12,-Infinity
6.464,7.355,2.241,0.0,2016-11-12 17:49:13,-Infinity
7.537,6.129,0.861,0.0,2016-11-12 17:49:14,-Infinity
7.23,6.282,2.547,0.0,2016-11-12 17:49:15,-Infinity
7.077,6.589,1.321,0.0,2016-11-12 17:49:16,-Infinity
7.537,6.435,0.861,0.0,2016-11-12 17:49:17,-Infinity
7.23,6.435,1.168,0.0,2016-11-12 17:49:18,-Infinity
7.23,6.435,1.015,0.0,2016-11-12 17:49:19,-Infinity
7.23,6.589,0.555,0.0,2016-11-12 17:49:20,-Infinity
7.23,6.742,2.853,0.0,2016-11-12 17:49:21,-Infinity
7.23,6.589,0.708,0.0,2016-11-12 17:49:22,-Infinity
6.617,7.202,1.781,0.0,2016-11-12 17:49:23,-Infinity
3.553,8.734,4.846,0.0,2016-11-12 17:49:24,-Infinity
3.399,8.121,5.458,0.0,2016-11-12 17:49:25,-Infinity
2.174,8.427,3.313,0.0,2016-11-12 17:49:26,-Infinity
2.786,8.887,3.466,0.0,2016-11-12 17:49:27,-Infinity
2.786,8.734,3.313,0.0,2016-11-12 17:49:28,-Infinity
2.633,8.734,3.773,0.0,2016-11-12 17:49:29,-Infinity
2.633,8.734,3.62,0.0,2016-11-12 17:49:30,-Infinity
2.633,8.581,3.313,0.0,2016-11-12 17:49:31,-Infinity
2.786,8.734,3.62,0.0,2016-11-12 17:49:32,-Infinity
2.633,8.581,3.773,0.0,2016-11-12 17:49:33,-Infinity
2.786,8.887,1.628,0.0,2016-11-12 17:49:34,-Infinity
2.94,8.887,3.466,0.0,2016-11-12 17:49:35,-Infinity
2.633,8.581,3.773,0.0,2016-11-12 17:49:36,-Infinity
2.786,8.887,2.853,0.0,2016-11-12 17:49:37,-Infinity
2.633,8.734,3.62,0.0,2016-11-12 17:49:38,-Infinity
2.786,8.427,2.853,0.0,2016-11-12 17:49:39,-Infinity
0.948,8.581,4.846,0.0,2016-11-12 17:49:40,-Infinity
2.633,8.581,4.233,0.0,2016-11-12 17:49:41,-Infinity
2.94,8.581,3.773,0.0,2016-11-12 17:49:42,-Infinity
2.94,8.581,4.079,0.0,2016-11-12 17:49:43,-Infinity
2.94,8.581,4.539,0.0,2016-11-12 17:49:44,-Infinity
3.093,8.427,2.853,0.0,2016-11-12 17:49:45,-Infinity
2.633,8.581,4.539,0.0,2016-11-12 17:49:46,-Infinity
3.246,8.734,3.926,0.0,2016-11-12 17:49:47,-Infinity
2.94,8.581,3.16,0.0,2016-11-12 17:49:48,-Infinity
3.093,8.581,3.62,0.0,2016-11-12 17:49:49,-Infinity
3.093,8.581,3.926,0.0,2016-11-12 17:49:50,-Infinity
3.246,8.734,3.773,0.0,2016-11-12 17:49:51,-Infinity
3.246,8.734,4.386,0.0,2016-11-12 17:49:52,-Infinity
3.093,8.581,4.079,0.0,2016-11-12 17:49:53,-Infinity
2.94,8.581,3.926,0.0,2016-11-12 17:49:54,-Infinity
3.246,8.734,3.62,0.0,2016-11-12 17:49:55,-Infinity
3.553,8.581,2.241,0.0,2016-11-12 17:49:56,-Infinity
3.093,8.581,3.926,0.0,2016-11-12 17:49:57,-Infinity
3.093,8.581,3.313,0.0,2016-11-12 17:49:58,-Infinity
3.246,8.427,4.692,0.0,2016-11-12 17:49:59,-Infinity
3.093,8.581,3.62,0.0,2016-11-12 17:50:00,-Infinity
3.399,8.581,4.079,0.0,2016-11-12 17:50:01,-Infinity
3.246,8.427,3.773,0.0,2016-11-12 17:50:02,-Infinity
3.093,8.581,3.466,0.0,2016-11-12 17:50:04,-Infinity
3.093,8.581,3.926,0.0,2016-11-12 17:50:05,-Infinity
3.093,8.581,3.926,0.0,2016-11-12 17:50:06,-Infinity
3.093,8.581,3.926,0.0,2016-11-12 17:50:07,-Infinity
2.94,8.887,3.926,0.0,2016-11-12 17:50:08,-Infinity
3.246,8.427,3.773,0.0,2016-11-12 17:50:09,-Infinity
3.093,8.581,3.773,0.0,2016-11-12 17:50:10,-Infinity
3.093,8.734,3.313,0.0,2016-11-12 17:50:11,-Infinity
3.093,8.427,3.466,0.0,2016-11-12 17:50:12,-Infinity
3.246,8.581,3.773,0.0,2016-11-12 17:50:13,-Infinity
3.093,8.581,3.926,0.0,2016-11-12 17:50:14,-Infinity
3.093,8.581,4.233,0.0,2016-11-12 17:50:15,-Infinity
3.093,8.427,3.773,0.0,2016-11-12 17:50:16,-Infinity
3.093,8.427,3.466,0.0,2016-11-12 17:50:17,-Infinity
3.246,8.734,3.62,0.0,2016-11-12 17:50:18,-Infinity
3.246,8.581,4.079,0.0,2016-11-12 17:50:19,-Infinity
3.093,8.427,4.079,0.0,2016-11-12 17:50:20,-Infinity
3.553,8.427,4.539,0.0,2016-11-12 17:50:21,-Infinity
3.093,8.581,3.926,0.0,2016-11-12 17:50:22,-Infinity
2.94,8.581,3.773,0.0,2016-11-12 17:50:23,-Infinity
3.093,8.427,3.926,0.0,2016-11-12 17:50:24,-Infinity
2.94,8.581,3.926,0.0,2016-11-12 17:50:25,-Infinity
3.093,8.427,4.079,0.0,2016-11-12 17:50:26,-Infinity
3.093,8.734,3.926,0.0,2016-11-12 17:50:27,-Infinity
3.093,8.427,3.926,0.0,2016-11-12 17:50:28,-Infinity
3.093,8.581,3.773,0.0,2016-11-12 17:50:29,-Infinity
3.093,8.427,4.079,0.0,2016-11-12 17:50:30,-Infinity
3.093,8.734,2.7,0.0,2016-11-12 17:50:31,-Infinity
2.94,8.734,3.62,0.0,2016-11-12 17:50:32,-Infinity
3.093,8.427,3.926,0.0,2016-11-12 17:50:33,-Infinity
3.093,8.581,3.926,0.0,2016-11-12 17:50:34,-Infinity
3.093,8.581,3.926,0.0,2016-11-12 17:50:35,-Infinity
3.246,8.581,3.773,0.0,2016-11-12 17:50:36,-Infinity
4.472,9.653,1.934,0.0,2016-11-12 17:50:37,-Infinity
8.763,4.137,-2.202,0.0,2016-11-12 17:50:38,-Infinity
7.383,5.056,-2.662,0.0,2016-11-12 17:50:39,-Infinity
8.763,5.516,-3.888,0.0,2016-11-12 17:50:40,-Infinity
7.843,4.29,-3.581,0.0,2016-11-12 17:50:41,-Infinity
7.69,4.903,-2.968,0.0,2016-11-12 17:50:42,-Infinity
7.843,4.29,-3.735,0.0,2016-11-12 17:50:43,-Infinity
7.996,4.597,-2.662,0.0,2016-11-12 17:50:44,-Infinity
7.996,4.75,-3.122,0.0,2016-11-12 17:50:45,-Infinity
7.996,4.597,-3.122,0.0,2016-11-12 17:50:46,-Infinity
7.996,4.75,-3.122,0.0,2016-11-12 17:50:47,-Infinity
7.843,4.443,-2.815,0.0,2016-11-12 17:50:48,-Infinity
8.15,4.597,-2.662,0.0,2016-11-12 17:50:49,-Infinity
7.996,4.75,-2.815,0.0,2016-11-12 17:50:50,-Infinity
8.303,4.29,-4.041,0.0,2016-11-12 17:50:51,-Infinity
8.15,4.443,-2.509,0.0,2016-11-12 17:50:52,-Infinity
8.15,4.597,-2.968,0.0,2016-11-12 17:50:53,-Infinity
8.15,4.75,-2.509,0.0,2016-11-12 17:50:54,-Infinity
7.996,5.056,-2.815,0.0,2016-11-12 17:50:55,-Infinity
7.996,5.056,-3.428,0.0,2016-11-12 17:50:56,-Infinity
7.843,4.903,-3.275,0.0,2016-11-12 17:50:57,-Infinity
8.15,4.903,-1.436,0.0,2016-11-12 17:50:58,-Infinity
7.996,4.75,-2.815,0.0,2016-11-12 17:50:59,-Infinity
8.303,4.75,-2.815,0.0,2016-11-12 17:51:00,-Infinity
8.303,4.597,-2.662,0.0,2016-11-12 17:51:01,-Infinity
8.303,4.597,-1.589,0.0,2016-11-12 17:51:02,-Infinity
7.996,4.75,-2.509,0.0,2016-11-12 17:51:03,-Infinity
7.996,4.75,-3.735,0.0,2016-11-12 17:51:04,-Infinity
8.15,4.597,-2.355,0.0,2016-11-12 17:51:05,-Infinity
7.996,4.597,-3.275,0.0,2016-11-12 17:51:06,-Infinity
7.996,4.597,-2.509,0.0,2016-11-12 17:51:07,-Infinity
8.15,4.75,-2.049,0.0,2016-11-12 17:51:08,-Infinity
8.15,4.597,-2.509,0.0,2016-11-12 17:51:09,-Infinity
7.843,4.75,-4.501,0.0,2016-11-12 17:51:10,-Infinity
8.15,4.597,-2.509,0.0,2016-11-12 17:51:11,-Infinity
8.15,4.597,-2.662,0.0,2016-11-12 17:51:12,-Infinity
8.763,4.75,-2.202,0.0,2016-11-12 17:51:13,-Infinity
6.158,6.435,-0.057,0.0,2016-11-12 17:51:14,-Infinity
8.303,5.056,3.313,4.0,2016-11-12 17:51:15,-Infinity
3.553,7.968,3.16,0.0,2016-11-12 17:51:16,-Infinity
3.553,8.274,4.999,0.0,2016-11-12 17:51:17,-Infinity
2.633,8.734,4.386,0.0,2016-11-12 17:51:18,-Infinity
2.48,8.734,4.999,0.0,2016-11-12 17:51:19,-Infinity
2.94,8.427,8.983,0.0,2016-11-12 17:51:20,-Infinity
3.399,7.355,6.378,0.0,2016-11-12 17:51:22,-Infinity
2.786,7.968,5.458,0.0,2016-11-12 17:51:23,-Infinity
2.633,7.968,4.233,0.0,2016-11-12 17:51:24,-Infinity
2.786,7.968,5.152,0.0,2016-11-12 17:51:25,-Infinity
2.786,7.814,5.305,0.0,2016-11-12 17:51:26,-Infinity
3.246,8.427,4.079,4.0,2016-11-12 17:51:27,-Infinity
2.633,8.427,4.999,0.0,2016-11-12 17:51:28,-Infinity
2.327,8.121,4.079,0.0,2016-11-12 17:51:29,-Infinity
2.633,8.427,4.999,0.0,2016-11-12 17:51:30,-Infinity
2.48,8.427,5.152,0.0,2016-11-12 17:51:31,-Infinity
2.48,8.734,3.926,0.0,2016-11-12 17:51:32,-Infinity
2.48,8.274,4.539,0.0,2016-11-12 17:51:33,-Infinity
2.633,8.427,4.539,0.0,2016-11-12 17:51:34,-Infinity
2.48,8.427,4.692,0.0,2016-11-12 17:51:35,-Infinity
2.48,8.427,4.539,0.0,2016-11-12 17:51:36,-Infinity
2.48,8.427,4.692,0.0,2016-11-12 17:51:37,-Infinity
2.633,8.427,4.692,0.0,2016-11-12 17:51:38,-Infinity
2.48,8.581,4.692,0.0,2016-11-12 17:51:39,-Infinity
2.48,8.427,4.539,0.0,2016-11-12 17:51:40,-Infinity
2.48,8.581,4.846,0.0,2016-11-12 17:51:41,-Infinity
2.327,8.427,4.999,0.0,2016-11-12 17:51:42,-Infinity
6.617,3.83,-0.67,0.0,2016-11-12 17:51:43,-Infinity
3.706,6.435,-2.202,0.0,2016-11-12 17:51:44,-Infinity
0.335,9.96,-2.815,0.0,2016-11-12 17:51:45,-Infinity
-7.173,7.814,-1.13,0.0,2016-11-12 17:51:46,-Infinity
-4.108,8.121,-3.735,0.0,2016-11-12 17:51:47,-Infinity
-4.108,8.427,-3.735,0.0,2016-11-12 17:51:48,-Infinity
-3.189,8.274,-4.807,0.0,2016-11-12 17:51:49,-Infinity
-3.955,8.427,-3.581,0.0,2016-11-12 17:51:50,-Infinity
-4.261,8.274,-4.194,0.0,2016-11-12 17:51:51,-Infinity
-3.035,7.814,-4.041,0.0,2016-11-12 17:51:52,-Infinity
-4.108,7.968,-4.194,0.0,2016-11-12 17:51:53,-Infinity
-4.108,8.274,-3.735,0.0,2016-11-12 17:51:54,-Infinity
-3.802,8.274,-3.581,0.0,2016-11-12 17:51:55,-Infinity
-4.108,8.274,-3.888,0.0,2016-11-12 17:51:56,-Infinity
-3.189,8.274,-4.041,0.0,2016-11-12 17:51:57,-Infinity
-3.342,8.734,-4.041,0.0,2016-11-12 17:51:58,-Infinity
-2.882,8.581,-4.348,0.0,2016-11-12 17:51:59,-Infinity
-2.882,8.734,-3.888,0.0,2016-11-12 17:52:00,-Infinity
-2.423,8.581,-4.041,0.0,2016-11-12 17:52:01,-Infinity
-2.729,8.427,-4.194,0.0,2016-11-12 17:52:02,-Infinity
-2.882,8.581,-4.194,0.0,2016-11-12 17:52:03,-Infinity
-3.495,8.121,-4.041,0.0,2016-11-12 17:52:04,-Infinity
-2.576,8.581,-4.501,0.0,2016-11-12 17:52:05,-Infinity
-2.269,8.121,-4.041,0.0,2016-11-12 17:52:06,-Infinity
-3.342,7.814,-5.114,0.0,2016-11-12 17:52:07,-Infinity
-2.269,8.274,-4.654,0.0,2016-11-12 17:52:08,-Infinity
-2.269,8.581,-4.348,0.0,2016-11-12 17:52:09,-Infinity
-2.423,8.274,-4.807,0.0,2016-11-12 17:52:10,-Infinity
-2.269,8.734,-4.348,0.0,2016-11-12 17:52:11,-Infinity
-2.576,7.814,-4.041,0.0,2016-11-12 17:52:12,-Infinity
-2.576,8.581,-4.654,0.0,2016-11-12 17:52:13,-Infinity
-2.729,8.427,-4.501,0.0,2016-11-12 17:52:14,-Infinity
-3.189,8.734,-5.114,0.0,2016-11-12 17:52:15,-Infinity
-1.656,8.734,-4.348,0.0,2016-11-12 17:52:16,-Infinity
-2.729,8.274,-4.807,0.0,2016-11-12 17:52:17,-Infinity
-3.189,8.274,-4.96,0.0,2016-11-12 17:52:18,-Infinity
-1.963,8.427,-4.501,0.0,2016-11-12 17:52:19,-Infinity
-1.963,8.581,-4.348,0.0,2016-11-12 17:52:20,-Infinity
-2.576,8.581,-4.654,0.0,2016-11-12 17:52:21,-Infinity
-3.035,8.274,-5.114,0.0,2016-11-12 17:52:22,-Infinity
-2.116,8.121,-4.807,0.0,2016-11-12 17:52:23,-Infinity
-3.495,8.427,-4.807,0.0,2016-11-12 17:52:24,-Infinity
-3.495,7.968,-4.807,0.0,2016-11-12 17:52:25,-Infinity
-2.729,8.887,-2.968,0.0,2016-11-12 17:52:26,-Infinity
-2.576,8.581,-4.194,0.0,2016-11-12 17:52:27,-Infinity
-2.576,8.581,-4.194,0.0,2016-11-12 17:52:28,-Infinity
-2.576,8.734,-4.194,0.0,2016-11-12 17:52:29,-Infinity
-3.035,8.274,-4.807,0.0,2016-11-12 17:52:30,-Infinity
-3.035,8.581,-4.807,0.0,2016-11-12 17:52:31,-Infinity
-2.576,8.427,-4.041,0.0,2016-11-12 17:52:32,-Infinity
-3.342,7.968,-4.96,0.0,2016-11-12 17:52:34,-Infinity
-2.423,8.427,-4.501,0.0,2016-11-12 17:52:35,-Infinity
-2.116,8.581,-4.654,0.0,2016-11-12 17:52:36,-Infinity
-2.269,8.734,-4.654,0.0,2016-11-12 17:52:37,-Infinity
-2.116,8.581,-4.348,0.0,2016-11-12 17:52:38,-Infinity
-2.576,8.581,-4.807,0.0,2016-11-12 17:52:39,-Infinity
-2.729,8.274,-4.194,0.0,2016-11-12 17:52:40,-Infinity
-2.729,8.121,-4.807,0.0,2016-11-12 17:52:41,-Infinity
-2.576,8.274,-4.807,0.0,2016-11-12 17:52:42,-Infinity
-2.882,8.121,-4.348,0.0,2016-11-12 17:52:43,-Infinity
-1.35,8.734,-4.194,0.0,2016-11-12 17:52:44,-Infinity
-1.81,8.581,-4.807,0.0,2016-11-12 17:52:45,-Infinity
-2.116,8.734,-4.501,0.0,2016-11-12 17:52:46,-Infinity
-1.81,8.427,-4.194,0.0,2016-11-12 17:52:47,-Infinity
-2.576,8.581,-4.654,0.0,2016-11-12 17:52:48,-Infinity
-2.576,8.734,-4.807,0.0,2016-11-12 17:52:49,-Infinity
-2.269,8.581,-4.194,0.0,2016-11-12 17:52:50,-Infinity
-2.423,8.427,-4.501,0.0,2016-11-12 17:52:51,-Infinity
-3.342,8.427,-4.807,0.0,2016-11-12 17:52:52,-Infinity
-3.955,8.427,-4.807,0.0,2016-11-12 17:52:53,-Infinity
-2.116,8.734,-4.654,0.0,2016-11-12 17:52:54,-Infinity
-1.963,8.427,-4.501,0.0,2016-11-12 17:52:55,-Infinity
-3.342,8.274,-4.807,0.0,2016-11-12 17:52:56,-Infinity
-1.963,8.274,-4.348,0.0,2016-11-12 17:52:57,-Infinity
-3.189,7.814,-4.654,0.0,2016-11-12 17:52:58,-Infinity
-4.568,8.274,-6.493,0.0,2016-11-12 17:52:59,-Infinity
-1.963,8.427,-4.654,0.0,2016-11-12 17:53:00,-Infinity
-2.576,8.734,-5.42,0.0,2016-11-12 17:53:01,-Infinity
-3.035,8.274,-4.501,0.0,2016-11-12 17:53:02,-Infinity
-2.423,8.581,-4.501,0.0,2016-11-12 17:53:03,-Infinity
-2.269,8.734,-4.807,0.0,2016-11-12 17:53:04,-Infinity
-3.189,8.274,-4.807,0.0,2016-11-12 17:53:05,-Infinity
-2.576,8.427,-4.654,0.0,2016-11-12 17:53:06,-Infinity
-3.189,8.427,-4.654,0.0,2016-11-12 17:53:07,-Infinity
-3.342,8.274,-4.194,0.0,2016-11-12 17:53:08,-Infinity
-3.495,8.427,-4.194,0.0,2016-11-12 17:53:09,-Infinity
-3.802,8.581,-4.041,0.0,2016-11-12 17:53:10,-Infinity
-3.342,8.581,-4.194,0.0,2016-11-12 17:53:11,-Infinity
-4.721,7.968,-2.662,0.0,2016-11-12 17:53:12,-Infinity
-4.874,7.661,-3.581,0.0,2016-11-12 17:53:13,-Infinity
-5.181,7.968,-3.428,0.0,2016-11-12 17:53:14,-Infinity
-4.874,7.814,-3.735,0.0,2016-11-12 17:53:15,-Infinity
-4.874,7.968,-3.275,0.0,2016-11-12 17:53:16,-Infinity
-5.028,7.814,-3.428,0.0,2016-11-12 17:53:17,-Infinity
-4.721,7.968,-2.968,0.0,2016-11-12 17:53:18,-Infinity
-4.721,8.121,-3.428,0.0,2016-11-12 17:53:19,-Infinity
-4.415,8.121,-3.581,0.0,2016-11-12 17:53:20,-Infinity
-4.568,8.427,-2.815,0.0,2016-11-12 17:53:21,-Infinity
-4.568,8.427,-3.122,0.0,2016-11-12 17:53:22,-Infinity
-4.415,8.274,-2.968,0.0,2016-11-12 17:53:23,-Infinity
-4.721,8.121,-2.968,0.0,2016-11-12 17:53:24,-Infinity
-4.874,8.274,-2.662,0.0,2016-11-12 17:53:25,-Infinity
-4.721,8.274,-3.122,0.0,2016-11-12 17:53:26,-Infinity
-4.568,8.274,-3.122,0.0,2016-11-12 17:53:27,-Infinity
-4.721,8.121,-3.122,0.0,2016-11-12 17:53:28,-Infinity
-4.568,8.274,-3.275,0.0,2016-11-12 17:53:29,-Infinity
-4.568,8.274,-2.968,0.0,2016-11-12 17:53:30,-Infinity
-4.568,8.121,-3.122,0.0,2016-11-12 17:53:31,-Infinity
-4.721,8.274,-3.122,0.0,2016-11-12 17:53:32,-Infinity
-4.568,8.427,-2.662,0.0,2016-11-12 17:53:33,-Infinity
-4.721,8.121,-2.968,0.0,2016-11-12 17:53:34,-Infinity
-4.874,8.427,-2.662,0.0,2016-11-12 17:53:35,-Infinity
-4.415,8.427,-2.815,0.0,2016-11-12 17:53:36,-Infinity
-4.568,8.427,-2.815,0.0,2016-11-12 17:53:37,-Infinity
-4.568,8.427,-2.815,0.0,2016-11-12 17:53:38,-Infinity
-4.721,8.581,-2.662,0.0,2016-11-12 17:53:39,-Infinity
-4.568,8.427,-2.968,0.0,2016-11-12 17:53:40,-Infinity
-4.874,8.427,-2.815,0.0,2016-11-12 17:53:41,-Infinity
-4.721,8.274,-2.355,0.0,2016-11-12 17:53:42,-Infinity
-4.721,8.427,-2.662,0.0,2016-11-12 17:53:43,-Infinity
-4.874,8.274,-3.275,0.0,2016-11-12 17:53:44,-Infinity
-4.721,8.274,-2.815,0.0,2016-11-12 17:53:45,-Infinity
-4.721,8.427,-2.662,0.0,2016-11-12 17:53:46,-Infinity
-4.874,8.581,-2.662,0.0,2016-11-12 17:53:47,-Infinity
-4.874,8.427,-2.662,0.0,2016-11-12 17:53:48,-Infinity
-4.721,8.427,-2.355,0.0,2016-11-12 17:53:50,-Infinity
-4.721,8.581,-2.202,0.0,2016-11-12 17:53:51,-Infinity
-4.874,8.427,-2.355,0.0,2016-11-12 17:53:52,-Infinity
-4.721,8.427,-2.202,0.0,2016-11-12 17:53:53,-Infinity
-4.874,8.274,-2.355,0.0,2016-11-12 17:53:54,-Infinity
-4.874,8.121,-2.662,0.0,2016-11-12 17:53:55,-Infinity
-3.495,9.96,-2.049,0.0,2016-11-12 17:53:56,-Infinity
-4.874,8.274,-2.662,0.0,2016-11-12 17:53:57,-Infinity
-4.568,8.427,-2.662,0.0,2016-11-12 17:53:58,-Infinity
-4.261,8.274,-3.428,0.0,2016-11-12 17:53:59,-Infinity
-4.261,8.427,-2.662,0.0,2016-11-12 17:54:00,-Infinity
-3.955,8.121,-3.122,0.0,2016-11-12 17:54:01,-Infinity
-4.568,8.274,-2.968,0.0,2016-11-12 17:54:02,-Infinity
-4.874,8.427,-2.662,0.0,2016-11-12 17:54:03,-Infinity
-4.721,8.427,-2.815,0.0,2016-11-12 17:54:04,-Infinity
-4.874,8.581,-2.815,0.0,2016-11-12 17:54:05,-Infinity
-4.721,8.274,-3.122,0.0,2016-11-12 17:54:06,-Infinity
-4.874,8.427,-2.662,0.0,2016-11-12 17:54:07,-Infinity
-4.874,8.274,-2.355,0.0,2016-11-12 17:54:08,-Infinity
-5.028,8.427,-2.815,0.0,2016-11-12 17:54:09,-Infinity
-4.721,8.427,-2.815,0.0,2016-11-12 17:54:10,-Infinity
-4.108,8.121,-3.122,0.0,2016-11-12 17:54:11,-Infinity
-4.721,8.427,-2.355,0.0,2016-11-12 17:54:12,-Infinity
-4.874,8.274,-3.122,0.0,2016-11-12 17:54:13,-Infinity
-4.874,8.274,-2.815,0.0,2016-11-12 17:54:14,-Infinity
-5.334,8.121,-2.509,0.0,2016-11-12 17:54:15,-Infinity
-5.334,8.121,-2.662,0.0,2016-11-12 17:54:16,-Infinity
-5.334,7.968,-2.509,0.0,2016-11-12 17:54:17,-Infinity
-5.028,8.427,-1.896,0.0,2016-11-12 17:54:18,-Infinity
-4.874,8.581,-1.436,0.0,2016-11-12 17:54:19,-Infinity
-5.181,8.274,-1.896,0.0,2016-11-12 17:54:20,-Infinity
-5.028,8.274,-1.896,0.0,2016-11-12 17:54:21,-Infinity
-5.028,8.581,-2.202,0.0,2016-11-12 17:54:22,-Infinity
-5.028,8.427,-2.049,0.0,2016-11-12 17:54:23,-Infinity
-5.028,8.274,-2.049,0.0,2016-11-12 17:54:24,-Infinity
-5.181,8.274,-2.202,0.0,2016-11-12 17:54:25,-Infinity
-5.028,8.274,-2.355,0.0,2016-11-12 17:54:26,-Infinity
-5.028,8.274,-2.355,0.0,2016-11-12 17:54:27,-Infinity
-4.874,8.121,-2.202,0.0,2016-11-12 17:54:28,-Infinity
-4.721,8.427,-2.509,0.0,2016-11-12 17:54:29,-Infinity
-4.721,8.427,-2.355,0.0,2016-11-12 17:54:30,-Infinity
-4.874,8.274,-2.509,0.0,2016-11-12 17:54:31,-Infinity
-4.874,8.121,-2.662,0.0,2016-11-12 17:54:32,-Infinity
-5.028,8.427,-2.509,0.0,2016-11-12 17:54:33,-Infinity
-4.721,8.274,-2.509,0.0,2016-11-12 17:54:34,-Infinity
-4.874,8.274,-2.968,0.0,2016-11-12 17:54:35,-Infinity
-5.794,7.661,-2.202,0.0,2016-11-12 17:54:36,-Infinity
-5.487,8.121,-2.049,0.0,2016-11-12 17:54:37,-Infinity
-5.64,8.121,-1.896,0.0,2016-11-12 17:54:38,-Infinity
-5.487,7.968,-2.049,0.0,2016-11-12 17:54:39,-Infinity
-5.487,7.968,-1.743,0.0,2016-11-12 17:54:40,-Infinity
-5.487,8.121,-2.202,0.0,2016-11-12 17:54:41,-Infinity
-5.334,8.121,-2.049,0.0,2016-11-12 17:54:42,-Infinity
-5.487,8.121,-2.049,0.0,2016-11-12 17:54:43,-Infinity
-5.334,8.121,-2.202,0.0,2016-11-12 17:54:44,-Infinity
-5.487,8.274,-2.202,0.0,2016-11-12 17:54:45,-Infinity
-5.487,8.121,-2.202,0.0,2016-11-12 17:54:46,-Infinity
-5.334,7.968,-2.202,0.0,2016-11-12 17:54:47,-Infinity
-5.334,8.121,-2.202,0.0,2016-11-12 17:54:48,-Infinity
-5.487,8.121,-2.202,0.0,2016-11-12 17:54:49,-Infinity
-5.334,8.121,-2.355,0.0,2016-11-12 17:54:50,-Infinity
-5.64,7.968,-2.355,0.0,2016-11-12 17:54:51,-Infinity
-5.64,8.121,-2.202,0.0,2016-11-12 17:54:52,-Infinity
-5.334,8.121,-2.202,0.0,2016-11-12 17:54:53,-Infinity
-5.334,8.121,-2.355,0.0,2016-11-12 17:54:54,-Infinity
-5.487,7.968,-2.049,0.0,2016-11-12 17:54:55,-Infinity
-5.487,7.814,-2.202,0.0,2016-11-12 17:54:56,-Infinity
-5.487,7.968,-2.202,0.0,2016-11-12 17:54:57,-Infinity
-5.334,7.968,-2.355,0.0,2016-11-12 17:54:58,-Infinity
-5.64,7.968,-1.896,0.0,2016-11-12 17:54:59,-Infinity
-5.487,7.968,-2.202,0.0,2016-11-12 17:55:00,-Infinity
-5.334,7.968,-2.202,0.0,2016-11-12 17:55:01,-Infinity
-5.64,7.968,-2.202,0.0,2016-11-12 17:55:02,-Infinity
-5.487,8.121,-2.355,0.0,2016-11-12 17:55:03,-Infinity
-5.487,7.968,-2.202,0.0,2016-11-12 17:55:04,-Infinity
-5.487,8.121,-2.355,0.0,2016-11-12 17:55:05,-Infinity
-5.028,8.274,-2.355,0.0,2016-11-12 17:55:06,-Infinity
-5.181,8.274,-2.509,0.0,2016-11-12 17:55:07,-Infinity
-4.874,8.274,-2.355,0.0,2016-11-12 17:55:08,-Infinity
-5.181,8.427,-2.355,0.0,2016-11-12 17:55:09,-Infinity
-5.028,8.274,-2.049,0.0,2016-11-12 17:55:10,-Infinity
-5.334,8.121,-2.509,0.0,2016-11-12 17:55:12,-Infinity
-5.334,8.121,-2.202,0.0,2016-11-12 17:55:13,-Infinity
-5.181,8.121,-2.355,0.0,2016-11-12 17:55:14,-Infinity
-5.028,8.274,-2.049,0.0,2016-11-12 17:55:15,-Infinity
-5.028,8.274,-2.355,0.0,2016-11-12 17:55:16,-Infinity
-5.181,8.274,-1.896,0.0,2016-11-12 17:55:17,-Infinity
-5.028,8.427,-2.049,0.0,2016-11-12 17:55:18,-Infinity
-5.028,8.274,-2.049,0.0,2016-11-12 17:55:19,-Infinity
-5.028,8.121,-2.049,0.0,2016-11-12 17:55:20,-Infinity
-4.874,8.274,-1.896,0.0,2016-11-12 17:55:21,-Infinity
-5.181,8.427,-1.896,0.0,2016-11-12 17:55:22,-Infinity
-5.181,8.274,-1.896,0.0,2016-11-12 17:55:23,-Infinity
-5.181,8.121,-2.049,0.0,2016-11-12 17:55:24,-Infinity
-4.874,8.427,-2.662,0.0,2016-11-12 17:55:25,-Infinity
-4.874,8.427,-2.202,0.0,2016-11-12 17:55:26,-Infinity
-4.874,8.427,-2.202,0.0,2016-11-12 17:55:27,-Infinity
-4.874,8.274,-2.049,0.0,2016-11-12 17:55:28,-Infinity
-5.028,8.274,-2.202,0.0,2016-11-12 17:55:29,-Infinity
-5.181,8.274,-2.049,0.0,2016-11-12 17:55:30,-Infinity
-5.028,8.427,-2.049,0.0,2016-11-12 17:55:31,-Infinity
-5.028,8.274,-2.355,0.0,2016-11-12 17:55:32,-Infinity
-5.028,8.274,-1.743,0.0,2016-11-12 17:55:33,-Infinity
-5.028,8.274,-1.743,0.0,2016-11-12 17:55:34,-Infinity
-4.874,8.427,-1.896,0.0,2016-11-12 17:55:35,-Infinity
-4.721,8.427,-1.589,0.0,2016-11-12 17:55:36,-Infinity
-4.874,8.581,-1.743,0.0,2016-11-12 17:55:37,-Infinity
-5.028,8.581,-1.743,0.0,2016-11-12 17:55:38,-Infinity
-4.874,8.427,-1.896,0.0,2016-11-12 17:55:39,-Infinity
-4.874,8.427,-1.589,0.0,2016-11-12 17:55:40,-Infinity
-4.874,8.274,-1.589,0.0,2016-11-12 17:55:41,-Infinity
-4.874,8.581,-1.743,0.0,2016-11-12 17:55:42,-Infinity
-5.028,8.427,-1.589,0.0,2016-11-12 17:55:43,-Infinity
-4.874,8.427,-1.896,0.0,2016-11-12 17:55:44,-Infinity
-4.874,8.427,-1.589,0.0,2016-11-12 17:55:45,-Infinity
-5.028,8.274,-1.896,0.0,2016-11-12 17:55:46,-Infinity
-5.028,8.427,-1.743,0.0,2016-11-12 17:55:47,-Infinity
-5.028,8.581,-1.743,0.0,2016-11-12 17:55:48,-Infinity
-5.028,8.581,-1.743,0.0,2016-11-12 17:55:49,-Infinity
-5.028,8.427,-1.589,0.0,2016-11-12 17:55:50,-Infinity
-5.181,8.274,-1.896,0.0,2016-11-12 17:55:51,-Infinity
-5.028,8.274,-1.896,0.0,2016-11-12 17:55:52,-Infinity
-5.181,8.427,-1.743,0.0,2016-11-12 17:55:53,-Infinity
-5.028,8.274,-1.436,0.0,2016-11-12 17:55:54,-Infinity
-5.181,8.274,-1.743,0.0,2016-11-12 17:55:55,-Infinity
-5.181,8.427,-1.896,0.0,2016-11-12 17:55:56,-Infinity
-5.181,8.274,-1.589,0.0,2016-11-12 17:55:57,-Infinity
-5.028,8.427,-1.743,0.0,2016-11-12 17:55:58,-Infinity
-5.028,8.274,-1.743,0.0,2016-11-12 17:55:59,-Infinity
-5.487,8.274,-1.896,0.0,2016-11-12 17:56:00,-Infinity
-5.181,8.274,-2.049,0.0,2016-11-12 17:56:01,-Infinity
-5.334,8.121,-1.896,0.0,2016-11-12 17:56:02,-Infinity
-5.181,8.121,-1.896,0.0,2016-11-12 17:56:03,-Infinity
-4.721,7.508,-2.509,0.0,2016-11-12 17:56:04,-Infinity
-7.173,6.895,-1.436,0.0,2016-11-12 17:56:05,-Infinity
-7.02,7.508,0.402,0.0,2016-11-12 17:56:06,-Infinity
-6.56,7.814,-0.823,0.0,2016-11-12 17:56:07,-Infinity
-6.713,7.355,-0.21,0.0,2016-11-12 17:56:08,-Infinity
-7.02,7.202,-0.21,0.0,2016-11-12 17:56:09,-Infinity
-7.173,7.048,-0.21,0.0,2016-11-12 17:56:10,-Infinity
-7.02,7.048,0.095,0.0,2016-11-12 17:56:11,-Infinity
-7.173,7.202,-0.21,0.0,2016-11-12 17:56:12,-Infinity
-7.02,7.048,0.249,0.0,2016-11-12 17:56:13,-Infinity
-7.02,7.202,0.402,0.0,2016-11-12 17:56:14,-Infinity
-7.02,7.202,0.402,0.0,2016-11-12 17:56:15,-Infinity
-7.173,7.048,0.555,0.0,2016-11-12 17:56:16,-Infinity
-7.173,7.048,0.402,0.0,2016-11-12 17:56:17,-Infinity
-7.02,6.895,0.249,0.0,2016-11-12 17:56:18,-Infinity
-7.02,7.202,0.249,0.0,2016-11-12 17:56:19,-Infinity
-7.02,7.048,-0.363,0.0,2016-11-12 17:56:20,-Infinity
-6.713,7.048,-0.67,0.0,2016-11-12 17:56:21,-Infinity
-7.173,7.202,-0.363,0.0,2016-11-12 17:56:22,-Infinity
-7.02,7.048,-0.363,0.0,2016-11-12 17:56:24,-Infinity
-7.02,7.202,-0.517,0.0,2016-11-12 17:56:25,-Infinity
-7.173,7.048,0.249,0.0,2016-11-12 17:56:26,-Infinity
-7.173,6.895,-0.057,4.0,2016-11-12 17:56:27,-Infinity
-7.479,7.048,0.095,4.0,2016-11-12 17:56:28,-Infinity
-7.326,6.895,-0.517,4.0,2016-11-12 17:56:29,-Infinity
-7.479,7.048,-0.057,4.0,2016-11-12 17:56:30,-Infinity
-7.02,7.202,0.095,0.0,2016-11-12 17:56:31,-Infinity
-6.1,7.814,-0.21,0.0,2016-11-12 17:56:32,-Infinity
-5.794,8.274,-0.363,0.0,2016-11-12 17:56:33,-Infinity
-5.487,8.274,-0.67,0.0,2016-11-12 17:56:34,-Infinity
-5.794,8.274,-0.21,0.0,2016-11-12 17:56:35,-Infinity
-5.794,8.274,-0.21,0.0,2016-11-12 17:56:36,-Infinity
-5.487,8.274,-0.517,0.0,2016-11-12 17:56:37,-Infinity
-5.794,8.121,-1.283,0.0,2016-11-12 17:56:38,-Infinity
-6.253,7.814,-0.823,0.0,2016-11-12 17:56:39,-Infinity
-6.1,7.968,-0.67,0.0,2016-11-12 17:56:40,-Infinity
-6.1,7.968,-0.517,0.0,2016-11-12 17:56:41,-Infinity
-6.253,7.814,-0.517,0.0,2016-11-12 17:56:42,-Infinity
-5.947,7.661,-0.517,0.0,2016-11-12 17:56:43,-Infinity
-6.407,7.661,-0.363,0.0,2016-11-12 17:56:44,-Infinity
-6.407,7.968,-0.517,0.0,2016-11-12 17:56:45,-Infinity
-5.487,8.427,0.095,0.0,2016-11-12 17:56:46,-Infinity
-5.487,8.581,0.095,0.0,2016-11-12 17:56:47,-Infinity
-5.64,8.121,-0.976,0.0,2016-11-12 17:56:48,-Infinity
-5.947,8.274,0.555,0.0,2016-11-12 17:56:49,-Infinity
-5.794,7.814,0.095,0.0,2016-11-12 17:56:50,-Infinity
-5.947,8.121,0.095,0.0,2016-11-12 17:56:51,-Infinity
-5.794,7.968,-0.057,0.0,2016-11-12 17:56:52,-Infinity
-6.1,8.121,0.249,0.0,2016-11-12 17:56:53,-Infinity
-6.1,8.121,0.095,0.0,2016-11-12 17:56:54,-Infinity
-5.334,8.427,-0.21,0.0,2016-11-12 17:56:55,-Infinity
-5.794,7.968,-0.21,0.0,2016-11-12 17:56:56,-Infinity
-5.794,8.121,-0.21,0.0,2016-11-12 17:56:57,-Infinity
-5.794,8.121,-0.363,0.0,2016-11-12 17:56:58,-Infinity
-5.487,8.427,0.249,0.0,2016-11-12 17:56:59,-Infinity
-5.794,8.274,-0.21,0.0,2016-11-12 17:57:00,-Infinity
-5.64,8.274,-0.21,0.0,2016-11-12 17:57:01,-Infinity
-5.64,8.274,-0.21,0.0,2016-11-12 17:57:02,-Infinity
-5.64,8.427,-0.363,0.0,2016-11-12 17:57:03,-Infinity
-5.794,8.274,-0.21,0.0,2016-11-12 17:57:04,-Infinity
-5.64,8.121,-0.21,0.0,2016-11-12 17:57:05,-Infinity
-5.64,8.121,-0.363,0.0,2016-11-12 17:57:06,-Infinity
-5.794,8.274,-0.21,0.0,2016-11-12 17:57:07,-Infinity
-5.794,8.274,-0.21,0.0,2016-11-12 17:57:08,-Infinity
-5.64,8.121,-0.21,0.0,2016-11-12 17:57:09,-Infinity
-5.64,7.968,-0.21,0.0,2016-11-12 17:57:10,-Infinity
-5.794,8.121,-0.67,0.0,2016-11-12 17:57:11,-Infinity
-5.64,7.968,-0.67,0.0,2016-11-12 17:57:12,-Infinity
-5.794,7.968,-0.517,0.0,2016-11-12 17:57:13,-Infinity
-4.415,8.581,-0.517,0.0,2016-11-12 17:57:14,-Infinity
-5.181,8.734,-0.21,0.0,2016-11-12 17:57:15,-Infinity
-4.568,8.581,-0.517,0.0,2016-11-12 17:57:16,-Infinity
-4.874,9.04,-0.67,0.0,2016-11-12 17:57:17,-Infinity
-5.794,7.508,-1.589,0.0,2016-11-12 17:57:18,-Infinity
-5.181,8.121,-2.509,0.0,2016-11-12 17:57:19,-Infinity
-1.656,8.427,-2.355,0.0,2016-11-12 17:57:20,-Infinity
-2.729,9.04,-3.581,0.0,2016-11-12 17:57:21,-Infinity
-2.729,8.581,-3.428,0.0,2016-11-12 17:57:22,-Infinity
-4.261,8.581,-3.581,0.0,2016-11-12 17:57:23,-Infinity
-3.035,8.887,-4.041,0.0,2016-11-12 17:57:24,-Infinity
-3.035,8.734,-3.275,0.0,2016-11-12 17:57:25,-Infinity
-3.035,8.581,-2.968,0.0,2016-11-12 17:57:26,-Infinity
-2.269,8.887,-3.122,0.0,2016-11-12 17:57:27,-Infinity
-2.729,8.734,-3.428,0.0,2016-11-12 17:57:28,-Infinity
-3.189,8.734,-3.275,0.0,2016-11-12 17:57:29,-Infinity
-2.576,8.734,-2.968,0.0,2016-11-12 17:57:30,-Infinity
-3.189,9.04,-3.122,0.0,2016-11-12 17:57:31,-Infinity
-3.495,9.04,-2.968,0.0,2016-11-12 17:57:32,-Infinity
-2.576,9.04,-1.436,0.0,2016-11-12 17:57:33,-Infinity
-2.576,9.347,-2.509,0.0,2016-11-12 17:57:34,-Infinity
-3.189,8.887,-2.355,0.0,2016-11-12 17:57:35,-Infinity
-3.342,8.887,-2.509,0.0,2016-11-12 17:57:36,-Infinity
-2.576,9.194,-1.896,0.0,2016-11-12 17:57:37,-Infinity
-3.495,9.194,-1.896,0.0,2016-11-12 17:57:38,-Infinity
-3.495,8.887,-1.896,0.0,2016-11-12 17:57:39,-Infinity
-4.108,8.887,-2.049,0.0,2016-11-12 17:57:40,-Infinity
-3.955,9.04,-2.049,0.0,2016-11-12 17:57:42,-Infinity
-4.108,9.04,-1.896,0.0,2016-11-12 17:57:43,-Infinity
-4.415,8.734,-1.743,0.0,2016-11-12 17:57:44,-Infinity
-4.415,8.734,-2.815,0.0,2016-11-12 17:57:45,-Infinity
-3.648,8.427,-3.122,0.0,2016-11-12 17:57:46,-Infinity
-3.955,8.734,-2.968,0.0,2016-11-12 17:57:47,-Infinity
-3.802,8.427,-2.968,0.0,2016-11-12 17:57:48,-Infinity
-3.802,8.734,-2.968,0.0,2016-11-12 17:57:49,-Infinity
-3.955,8.734,-2.968,0.0,2016-11-12 17:57:50,-Infinity
-3.802,8.581,-2.815,0.0,2016-11-12 17:57:51,-Infinity
-3.495,8.121,-3.581,0.0,2016-11-12 17:57:52,-Infinity
-7.02,7.355,-1.589,0.0,2016-11-12 17:57:53,-Infinity
-6.56,7.661,-0.057,0.0,2016-11-12 17:57:54,-Infinity
-6.56,7.661,-1.13,0.0,2016-11-12 17:57:55,-Infinity
-6.1,7.814,0.402,0.0,2016-11-12 17:57:56,-Infinity
-5.794,7.968,-0.823,0.0,2016-11-12 17:57:57,-Infinity
-5.794,7.968,-0.517,0.0,2016-11-12 17:57:58,-Infinity
-5.794,8.274,-0.823,0.0,2016-11-12 17:57:59,-Infinity
-5.794,7.814,-0.517,0.0,2016-11-12 17:58:00,-Infinity
-6.1,7.968,-0.517,0.0,2016-11-12 17:58:01,-Infinity
-5.947,8.121,-0.517,0.0,2016-11-12 17:58:02,-Infinity
-5.794,8.121,-0.823,0.0,2016-11-12 17:58:03,-Infinity
-5.794,8.121,-0.67,0.0,2016-11-12 17:58:04,-Infinity
-5.794,8.121,-0.67,0.0,2016-11-12 17:58:05,-Infinity
-5.947,7.968,-0.67,0.0,2016-11-12 17:58:06,-Infinity
-5.947,8.121,-0.823,0.0,2016-11-12 17:58:07,-Infinity
-5.947,7.968,-0.363,0.0,2016-11-12 17:58:08,-Infinity
-5.947,7.814,-0.67,0.0,2016-11-12 17:58:09,-Infinity
-5.947,7.968,-0.67,0.0,2016-11-12 17:58:10,-Infinity
-5.794,8.121,-0.517,0.0,2016-11-12 17:58:11,-Infinity
-6.1,8.274,-0.67,0.0,2016-11-12 17:58:12,-Infinity
-6.1,7.968,-0.21,0.0,2016-11-12 17:58:13,-Infinity
-5.947,8.121,-0.67,0.0,2016-11-12 17:58:14,-Infinity
-5.947,7.968,-0.67,0.0,2016-11-12 17:58:15,-Infinity
-6.1,8.121,-0.67,0.0,2016-11-12 17:58:16,-Infinity
-6.1,7.814,-0.517,0.0,2016-11-12 17:58:17,-Infinity
-5.487,7.968,-0.976,0.0,2016-11-12 17:58:18,-Infinity
-5.794,8.121,-0.363,0.0,2016-11-12 17:58:19,-Infinity
-5.947,8.121,-0.517,0.0,2016-11-12 17:58:20,-Infinity
-5.794,8.121,-0.67,0.0,2016-11-12 17:58:21,-Infinity
-5.794,8.121,-0.67,0.0,2016-11-12 17:58:22,-Infinity
-5.794,7.968,-0.363,0.0,2016-11-12 17:58:23,-Infinity
-5.947,7.968,-0.517,0.0,2016-11-12 17:58:24,-Infinity
-5.947,7.968,-0.67,0.0,2016-11-12 17:58:25,-Infinity
-5.947,7.968,-0.67,0.0,2016-11-12 17:58:26,-Infinity
-5.794,8.121,-0.517,0.0,2016-11-12 17:58:27,-Infinity
-5.947,7.968,-0.21,0.0,2016-11-12 17:58:28,-Infinity
-5.794,7.968,-0.363,0.0,2016-11-12 17:58:29,-Infinity
-6.253,7.814,-0.517,0.0,2016-11-12 17:58:30,-Infinity
-5.64,8.121,-0.976,0.0,2016-11-12 17:58:31,-Infinity
-5.64,8.274,-0.976,0.0,2016-11-12 17:58:32,-Infinity
-5.487,8.121,-2.509,0.0,2016-11-12 17:58:33,-Infinity
-6.713,8.121,-2.202,0.0,2016-11-12 17:58:34,-Infinity
-5.487,7.814,-1.436,0.0,2016-11-12 17:58:35,-Infinity
-5.64,8.274,-1.13,0.0,2016-11-12 17:58:36,-Infinity
-6.1,7.968,-1.13,0.0,2016-11-12 17:58:37,-Infinity
-5.794,7.968,-1.436,0.0,2016-11-12 17:58:38,-Infinity
-5.794,8.274,-1.13,0.0,2016-11-12 17:58:39,-Infinity
-5.64,7.968,-1.436,0.0,2016-11-12 17:58:40,-Infinity
-5.794,7.968,-0.976,0.0,2016-11-12 17:58:41,-Infinity
-5.794,7.968,-0.976,0.0,2016-11-12 17:58:42,-Infinity
-5.947,8.121,-1.13,0.0,2016-11-12 17:58:44,-Infinity
-5.64,7.814,-1.283,0.0,2016-11-12 17:58:45,-Infinity
-5.794,8.121,-1.283,0.0,2016-11-12 17:58:46,-Infinity
-5.794,7.968,-1.283,0.0,2016-11-12 17:58:47,-Infinity
-5.947,7.968,-0.67,0.0,2016-11-12 17:58:48,-Infinity
-5.64,7.968,-1.13,0.0,2016-11-12 17:58:49,-Infinity
-5.64,8.274,-1.13,0.0,2016-11-12 17:58:50,-Infinity
-5.64,8.121,-1.436,0.0,2016-11-12 17:58:51,-Infinity
-6.1,7.814,-1.13,0.0,2016-11-12 17:58:52,-Infinity
-5.64,8.274,-1.436,0.0,2016-11-12 17:58:53,-Infinity
-5.64,8.121,-1.13,0.0,2016-11-12 17:58:54,-Infinity
-5.334,7.355,-2.662,0.0,2016-11-12 17:58:55,-Infinity
-2.729,8.274,-5.114,0.0,2016-11-12 17:58:56,-Infinity
-2.729,8.274,-4.807,0.0,2016-11-12 17:58:57,-Infinity
-2.576,8.121,-5.114,0.0,2016-11-12 17:58:58,-Infinity
-3.955,8.427,-3.735,0.0,2016-11-12 17:58:59,-Infinity
-2.729,8.734,-4.348,0.0,2016-11-12 17:59:00,-Infinity
-3.495,8.121,-4.501,0.0,2016-11-12 17:59:01,-Infinity
-3.648,8.274,-3.888,0.0,2016-11-12 17:59:02,-Infinity
-3.955,8.427,-3.428,0.0,2016-11-12 17:59:03,-Infinity
-3.342,8.581,-3.581,0.0,2016-11-12 17:59:04,-Infinity
-3.648,8.121,-4.194,0.0,2016-11-12 17:59:05,-Infinity
-3.648,8.121,-4.194,0.0,2016-11-12 17:59:06,-Infinity
-3.955,8.581,-4.501,0.0,2016-11-12 17:59:07,-Infinity
-4.108,8.581,-2.815,0.0,2016-11-12 17:59:08,-Infinity
-4.261,8.581,-2.815,0.0,2016-11-12 17:59:09,-Infinity
-3.648,8.734,-2.355,0.0,2016-11-12 17:59:10,-Infinity
-3.955,8.734,-2.968,0.0,2016-11-12 17:59:11,-Infinity
-3.802,8.887,-2.509,0.0,2016-11-12 17:59:12,-Infinity
-3.802,8.734,-2.815,0.0,2016-11-12 17:59:13,-Infinity
-3.955,8.581,-2.815,0.0,2016-11-12 17:59:14,-Infinity
-3.955,8.887,-2.815,0.0,2016-11-12 17:59:15,-Infinity
-3.648,8.734,-2.815,0.0,2016-11-12 17:59:16,-Infinity
-3.802,8.734,-3.122,0.0,2016-11-12 17:59:17,-Infinity
-3.955,8.581,-2.968,0.0,2016-11-12 17:59:18,-Infinity
-4.261,8.427,-2.968,0.0,2016-11-12 17:59:19,-Infinity
-4.108,8.734,-3.735,0.0,2016-11-12 17:59:20,-Infinity
-4.108,8.427,-2.968,0.0,2016-11-12 17:59:21,-Infinity
-3.955,8.581,-2.815,0.0,2016-11-12 17:59:22,-Infinity
-4.721,8.427,-2.815,0.0,2016-11-12 17:59:23,-Infinity
-3.495,8.121,-4.654,0.0,2016-11-12 17:59:24,-Infinity
-3.648,8.121,-4.654,0.0,2016-11-12 17:59:25,-Infinity
-3.955,8.121,-4.654,0.0,2016-11-12 17:59:26,-Infinity
-3.802,7.814,-4.654,0.0,2016-11-12 17:59:27,-Infinity
-3.955,7.814,-4.194,0.0,2016-11-12 17:59:28,-Infinity
-4.108,7.968,-4.194,0.0,2016-11-12 17:59:29,-Infinity
-3.802,8.274,-3.888,0.0,2016-11-12 17:59:30,-Infinity
-3.802,8.274,-4.348,0.0,2016-11-12 17:59:31,-Infinity
-3.342,8.734,-2.355,0.0,2016-11-12 17:59:32,-Infinity
-3.495,9.04,-2.355,0.0,2016-11-12 17:59:33,-Infinity
-3.648,8.887,-2.202,0.0,2016-11-12 17:59:34,-Infinity
-3.648,8.887,-2.202,0.0,2016-11-12 17:59:35,-Infinity
-4.415,8.887,-3.888,0.0,2016-11-12 17:59:36,-Infinity
-3.802,8.581,-1.896,0.0,2016-11-12 17:59:37,-Infinity
-3.648,8.887,-2.202,0.0,2016-11-12 17:59:38,-Infinity
-4.108,9.04,-2.202,0.0,2016-11-12 17:59:39,-Infinity
-3.955,8.887,-2.355,0.0,2016-11-12 17:59:40,-Infinity
-3.955,8.887,-2.202,0.0,2016-11-12 17:59:41,-Infinity
-3.802,9.04,-2.049,0.0,2016-11-12 17:59:42,-Infinity
-3.955,8.734,-2.662,0.0,2016-11-12 17:59:43,-Infinity
-3.955,8.734,-2.509,0.0,2016-11-12 17:59:44,-Infinity
-4.874,8.274,-3.581,0.0,2016-11-12 17:59:45,-Infinity
-5.487,8.274,-3.275,0.0,2016-11-12 17:59:46,-Infinity
-4.721,7.814,-2.355,0.0,2016-11-12 17:59:47,-Infinity
-5.181,7.968,-2.968,0.0,2016-11-12 17:59:48,-Infinity
-5.181,7.355,-2.509,0.0,2016-11-12 17:59:49,-Infinity
-3.955,8.121,-3.735,0.0,2016-11-12 17:59:50,-Infinity
-4.261,7.814,-4.348,0.0,2016-11-12 17:59:51,-Infinity
-4.108,7.814,-4.501,0.0,2016-11-12 17:59:52,-Infinity
-4.108,7.968,-4.348,0.0,2016-11-12 17:59:53,-Infinity
-3.189,9.194,-3.275,0.0,2016-11-12 17:59:54,-Infinity
-3.189,9.04,-2.662,0.0,2016-11-12 17:59:56,-Infinity
-3.035,8.887,-2.815,0.0,2016-11-12 17:59:57,-Infinity
-3.342,9.04,-2.662,0.0,2016-11-12 17:59:58,-Infinity
-3.189,9.04,-2.662,0.0,2016-11-12 17:59:59,-Infinity
-3.342,8.427,-2.662,0.0,2016-11-12 18:00:00,-Infinity
-3.035,8.581,-2.662,0.0,2016-11-12 18:00:01,-Infinity
-3.955,7.968,-3.122,0.0,2016-11-12 18:00:02,-Infinity
-5.487,7.814,-1.283,0.0,2016-11-12 18:00:03,-Infinity
-5.794,7.814,-1.896,0.0,2016-11-12 18:00:04,-Infinity
-6.1,7.814,-1.743,0.0,2016-11-12 18:00:05,-Infinity
-5.947,7.661,-1.896,0.0,2016-11-12 18:00:06,-Infinity
-5.947,7.661,-1.896,0.0,2016-11-12 18:00:07,-Infinity
-5.794,7.508,-2.662,0.0,2016-11-12 18:00:08,-Infinity
-6.1,7.661,-2.662,0.0,2016-11-12 18:00:09,-Infinity
-5.947,7.508,-2.662,0.0,2016-11-12 18:00:10,-Infinity
-5.947,7.355,-2.202,0.0,2016-11-12 18:00:11,-Infinity
-5.947,7.661,-2.355,0.0,2016-11-12 18:00:12,-Infinity
-5.947,7.661,-2.355,0.0,2016-11-12 18:00:13,-Infinity
-5.794,7.661,-2.662,0.0,2016-11-12 18:00:14,-Infinity
-5.794,7.814,-2.355,0.0,2016-11-12 18:00:15,-Infinity
-5.794,7.661,-2.355,0.0,2016-11-12 18:00:16,-Infinity
-5.947,7.661,-2.509,0.0,2016-11-12 18:00:17,-Infinity
-5.794,7.661,-2.509,0.0,2016-11-12 18:00:18,-Infinity
-5.794,7.508,-2.355,0.0,2016-11-12 18:00:19,-Infinity
-5.947,7.661,-2.509,0.0,2016-11-12 18:00:20,-Infinity
-5.947,7.661,-2.355,0.0,2016-11-12 18:00:21,-Infinity
-5.947,7.814,-2.202,0.0,2016-11-12 18:00:22,-Infinity
-5.947,7.661,-2.355,0.0,2016-11-12 18:00:23,-Infinity
-5.947,7.661,-2.355,0.0,2016-11-12 18:00:24,-Infinity
-5.947,7.661,-2.355,0.0,2016-11-12 18:00:25,-Infinity
-5.947,7.661,-2.202,0.0,2016-11-12 18:00:26,-Infinity
-5.947,7.661,-2.355,0.0,2016-11-12 18:00:27,-Infinity
-5.947,7.661,-2.509,0.0,2016-11-12 18:00:28,-Infinity
-6.1,7.661,-2.355,0.0,2016-11-12 18:00:29,-Infinity
-5.947,7.661,-2.049,0.0,2016-11-12 18:00:30,-Infinity
-5.947,7.661,-2.355,0.0,2016-11-12 18:00:31,-Infinity
-6.1,7.508,-2.202,0.0,2016-11-12 18:00:32,-Infinity
-5.947,7.661,-2.355,0.0,2016-11-12 18:00:33,-Infinity
-6.1,7.661,-2.202,0.0,2016-11-12 18:00:34,-Infinity
-6.1,7.508,-2.509,0.0,2016-11-12 18:00:35,-Infinity
-6.1,7.661,-2.049,0.0,2016-11-12 18:00:36,-Infinity
-5.947,7.508,-2.355,0.0,2016-11-12 18:00:37,-Infinity
-5.947,7.508,-2.202,0.0,2016-11-12 18:00:38,-Infinity
-5.947,7.661,-2.202,0.0,2016-11-12 18:00:39,-Infinity
-6.1,7.661,-2.049,0.0,2016-11-12 18:00:40,-Infinity
-6.1,7.661,-2.049,0.0,2016-11-12 18:00:41,-Infinity
-6.1,7.661,-2.355,0.0,2016-11-12 18:00:42,-Infinity
-6.1,7.508,-2.509,0.0,2016-11-12 18:00:43,-Infinity
-6.1,7.661,-2.202,0.0,2016-11-12 18:00:44,-Infinity
-6.1,7.508,-2.049,0.0,2016-11-12 18:00:45,-Infinity
-6.1,7.508,-2.355,0.0,2016-11-12 18:00:46,-Infinity
-6.1,7.661,-1.896,0.0,2016-11-12 18:00:47,-Infinity
-6.253,7.661,-2.202,0.0,2016-11-12 18:00:48,-Infinity
-5.947,7.661,-2.355,0.0,2016-11-12 18:00:49,-Infinity
-5.947,7.508,-2.662,0.0,2016-11-12 18:00:50,-Infinity
-6.1,7.661,-2.355,0.0,2016-11-12 18:00:51,-Infinity
-6.1,7.661,-2.355,0.0,2016-11-12 18:00:52,-Infinity
-5.947,7.814,-2.202,0.0,2016-11-12 18:00:53,-Infinity
-5.947,7.661,-1.743,0.0,2016-11-12 18:00:54,-Infinity
-6.1,7.661,-2.202,0.0,2016-11-12 18:00:55,-Infinity
-5.947,7.661,-2.049,0.0,2016-11-12 18:00:56,-Infinity
-6.253,7.508,-1.743,0.0,2016-11-12 18:00:57,-Infinity
-6.253,7.508,-1.743,0.0,2016-11-12 18:00:58,-Infinity
-6.1,7.814,-1.589,0.0,2016-11-12 18:00:59,-Infinity
-6.1,7.508,-1.743,0.0,2016-11-12 18:01:00,-Infinity
-6.253,7.661,-1.743,0.0,2016-11-12 18:01:01,-Infinity
-6.253,7.508,-1.896,0.0,2016-11-12 18:01:02,-Infinity
-6.253,7.661,-1.743,0.0,2016-11-12 18:01:03,-Infinity
-6.1,7.508,-1.743,0.0,2016-11-12 18:01:04,-Infinity
-6.1,7.508,-1.743,0.0,2016-11-12 18:01:05,-Infinity
-6.1,7.661,-1.743,0.0,2016-11-12 18:01:06,-Infinity
-5.64,7.968,-2.509,0.0,2016-11-12 18:01:07,-Infinity
-5.64,7.814,-1.743,0.0,2016-11-12 18:01:08,-Infinity
-5.947,7.968,-3.122,0.0,2016-11-12 18:01:10,-Infinity
-7.479,7.508,-1.743,0.0,2016-11-12 18:01:11,-Infinity
-6.713,7.202,-1.436,0.0,2016-11-12 18:01:12,-Infinity
-6.713,7.355,-1.743,0.0,2016-11-12 18:01:13,-Infinity
-6.407,7.202,-1.896,0.0,2016-11-12 18:01:14,-Infinity
-6.713,7.202,-1.436,0.0,2016-11-12 18:01:15,-Infinity
-6.866,7.202,-1.436,0.0,2016-11-12 18:01:16,-Infinity
-6.866,7.048,-1.283,0.0,2016-11-12 18:01:17,-Infinity
-6.253,7.508,-1.283,0.0,2016-11-12 18:01:18,-Infinity
-6.407,7.202,-2.202,0.0,2016-11-12 18:01:19,-Infinity
-6.56,7.048,-2.049,0.0,2016-11-12 18:01:20,-Infinity
-6.56,7.202,-2.049,0.0,2016-11-12 18:01:21,-Infinity
-6.56,7.202,-2.355,0.0,2016-11-12 18:01:22,-Infinity
-6.713,7.048,-1.896,0.0,2016-11-12 18:01:23,-Infinity
-6.56,7.202,-2.355,0.0,2016-11-12 18:01:24,-Infinity
-6.253,7.202,-2.968,0.0,2016-11-12 18:01:25,-Infinity
-6.253,7.202,-2.968,0.0,2016-11-12 18:01:26,-Infinity
-6.407,7.048,-2.662,0.0,2016-11-12 18:01:27,-Infinity
-5.947,7.814,-1.896,0.0,2016-11-12 18:01:28,-Infinity
-6.56,7.508,-2.355,0.0,2016-11-12 18:01:29,-Infinity
-6.407,7.355,-1.896,0.0,2016-11-12 18:01:30,-Infinity
-6.407,7.355,-1.896,0.0,2016-11-12 18:01:31,-Infinity
-6.407,7.355,-2.202,0.0,2016-11-12 18:01:32,-Infinity
-6.56,7.355,-2.049,0.0,2016-11-12 18:01:33,-Infinity
-6.713,7.202,-1.896,0.0,2016-11-12 18:01:34,-Infinity
-6.56,7.355,-1.743,0.0,2016-11-12 18:01:35,-Infinity
-5.947,7.661,-2.049,0.0,2016-11-12 18:01:36,-Infinity
-6.253,7.661,-1.589,0.0,2016-11-12 18:01:37,-Infinity
-5.794,7.661,-1.743,0.0,2016-11-12 18:01:38,-Infinity
-6.1,7.661,-1.896,0.0,2016-11-12 18:01:39,-Infinity
-6.1,7.508,-1.896,0.0,2016-11-12 18:01:40,-Infinity
-5.947,6.895,-2.662,0.0,2016-11-12 18:01:41,-Infinity
-7.02,7.048,-2.049,0.0,2016-11-12 18:01:42,-Infinity
-6.713,7.048,-1.896,0.0,2016-11-12 18:01:43,-Infinity
-6.713,7.355,-1.896,0.0,2016-11-12 18:01:44,-Infinity
-6.1,7.814,-1.283,0.0,2016-11-12 18:01:45,-Infinity
-6.253,6.895,-3.428,0.0,2016-11-12 18:01:46,-Infinity
-5.334,7.661,-2.355,0.0,2016-11-12 18:01:47,-Infinity
-5.947,7.355,-2.815,0.0,2016-11-12 18:01:48,-Infinity
-5.947,7.661,-2.049,0.0,2016-11-12 18:01:49,-Infinity
-6.1,7.661,-1.743,0.0,2016-11-12 18:01:50,-Infinity
-6.407,7.508,-2.355,0.0,2016-11-12 18:01:51,-Infinity
-6.407,7.202,-1.743,0.0,2016-11-12 18:01:52,-Infinity
-5.947,7.661,-1.589,0.0,2016-11-12 18:01:53,-Infinity
-6.253,7.508,-2.049,0.0,2016-11-12 18:01:54,-Infinity
-6.407,7.355,-1.896,0.0,2016-11-12 18:01:55,-Infinity
-6.407,7.508,-1.896,0.0,2016-11-12 18:01:56,-Infinity
-6.713,7.202,-2.049,0.0,2016-11-12 18:01:57,-Infinity
-6.407,6.895,-2.662,0.0,2016-11-12 18:01:58,-Infinity
-6.866,6.895,-2.049,0.0,2016-11-12 18:01:59,-Infinity
-7.02,6.895,-1.896,0.0,2016-11-12 18:02:00,-Infinity
-6.866,7.048,-1.743,0.0,2016-11-12 18:02:01,-Infinity
-7.02,6.895,-1.743,0.0,2016-11-12 18:02:02,-Infinity
-7.02,6.895,-1.436,0.0,2016-11-12 18:02:03,-Infinity
-7.173,6.742,-1.743,0.0,2016-11-12 18:02:04,-Infinity
-7.173,6.742,-1.743,0.0,2016-11-12 18:02:05,-Infinity
-7.173,6.589,-1.436,0.0,2016-11-12 18:02:06,-Infinity
-7.479,6.589,-1.436,0.0,2016-11-12 18:02:07,-Infinity
-7.326,6.589,-2.202,0.0,2016-11-12 18:02:08,-Infinity
-6.866,6.282,-2.355,0.0,2016-11-12 18:02:09,-Infinity
-7.173,6.589,-1.743,0.0,2016-11-12 18:02:10,-Infinity
-7.479,6.589,-1.743,0.0,2016-11-12 18:02:11,-Infinity
-7.632,6.435,-1.13,0.0,2016-11-12 18:02:12,-Infinity
-7.632,6.435,-0.823,0.0,2016-11-12 18:02:13,-Infinity
-7.479,6.435,-0.823,0.0,2016-11-12 18:02:14,-Infinity
-7.632,6.589,-1.436,0.0,2016-11-12 18:02:15,-Infinity
-7.479,6.282,-1.436,0.0,2016-11-12 18:02:16,-Infinity
-7.326,6.435,-1.589,0.0,2016-11-12 18:02:17,-Infinity
-7.632,6.435,-1.283,0.0,2016-11-12 18:02:18,-Infinity
-7.479,6.435,-1.283,0.0,2016-11-12 18:02:19,-Infinity
-7.326,6.129,-1.436,0.0,2016-11-12 18:02:20,-Infinity
-7.479,6.435,-1.436,0.0,2016-11-12 18:02:22,-Infinity
-7.479,6.435,-1.589,0.0,2016-11-12 18:02:23,-Infinity
-7.326,6.435,-1.436,0.0,2016-11-12 18:02:24,-Infinity
-7.479,6.435,-1.436,0.0,2016-11-12 18:02:25,-Infinity
-7.479,6.435,-1.589,0.0,2016-11-12 18:02:26,-Infinity
-8.092,6.129,-2.202,0.0,2016-11-12 18:02:27,-Infinity
-7.786,6.435,-1.896,0.0,2016-11-12 18:02:28,-Infinity
-7.479,6.435,-2.202,0.0,2016-11-12 18:02:29,-Infinity
-7.632,6.282,-1.436,0.0,2016-11-12 18:02:30,-Infinity
-7.173,6.282,-1.436,0.0,2016-11-12 18:02:31,-Infinity
-7.632,6.435,-1.589,0.0,2016-11-12 18:02:32,-Infinity
-7.479,6.129,-1.436,0.0,2016-11-12 18:02:33,-Infinity
-7.786,6.282,-1.436,0.0,2016-11-12 18:02:34,-Infinity
-7.632,6.282,-1.13,0.0,2016-11-12 18:02:35,-Infinity
-7.326,6.435,-1.589,0.0,2016-11-12 18:02:36,-Infinity
-7.632,6.435,-1.896,0.0,2016-11-12 18:02:37,-Infinity
-7.326,6.435,-1.283,0.0,2016-11-12 18:02:38,-Infinity
-7.479,6.435,-1.283,0.0,2016-11-12 18:02:39,-Infinity
-7.786,6.282,-1.13,0.0,2016-11-12 18:02:40,-Infinity
-7.632,6.129,-0.67,0.0,2016-11-12 18:02:41,-Infinity
-7.479,6.435,-1.436,0.0,2016-11-12 18:02:42,-Infinity
-7.632,6.435,-1.13,0.0,2016-11-12 18:02:43,-Infinity
-7.632,6.282,-1.13,0.0,2016-11-12 18:02:44,-Infinity
-7.632,6.435,-1.743,0.0,2016-11-12 18:02:45,-Infinity
-7.479,6.435,-1.436,0.0,2016-11-12 18:02:46,-Infinity
-7.632,6.435,-1.436,0.0,2016-11-12 18:02:47,-Infinity
-7.632,6.282,-1.436,0.0,2016-11-12 18:02:48,-Infinity
-7.632,6.129,-1.283,0.0,2016-11-12 18:02:49,-Infinity
-7.632,6.435,-1.283,0.0,2016-11-12 18:02:50,-Infinity
-7.632,6.435,-0.976,0.0,2016-11-12 18:02:51,-Infinity
-7.786,6.282,-0.976,0.0,2016-11-12 18:02:52,-Infinity
-7.939,6.435,-1.283,0.0,2016-11-12 18:02:53,-Infinity
-7.479,6.282,-1.283,0.0,2016-11-12 18:02:54,-Infinity
-7.632,6.129,-1.13,0.0,2016-11-12 18:02:55,-Infinity
-7.786,6.282,-1.13,0.0,2016-11-12 18:02:56,-Infinity
-7.632,6.282,-1.13,0.0,2016-11-12 18:02:57,-Infinity
-7.632,6.282,-1.13,0.0,2016-11-12 18:02:58,-Infinity
-7.786,6.435,-1.13,0.0,2016-11-12 18:02:59,-Infinity
-7.786,6.129,-1.436,0.0,2016-11-12 18:03:00,-Infinity
-7.632,6.129,-1.283,0.0,2016-11-12 18:03:01,-Infinity
-7.786,6.282,-1.13,0.0,2016-11-12 18:03:02,-Infinity
-7.786,6.435,-1.283,0.0,2016-11-12 18:03:03,-Infinity
-7.939,6.129,-1.13,0.0,2016-11-12 18:03:04,-Infinity
-7.786,6.282,-0.976,0.0,2016-11-12 18:03:05,-Infinity
-7.632,6.895,-2.355,0.0,2016-11-12 18:03:06,-Infinity
-5.181,6.282,-2.049,0.0,2016-11-12 18:03:07,-Infinity
-6.713,0.0,-0.057,0.0,2016-11-12 18:03:08,-Infinity
-5.487,4.903,7.604,0.0,2016-11-12 18:03:09,-Infinity
-7.479,4.75,4.999,0.0,2016-11-12 18:03:10,-Infinity
-7.173,4.597,5.152,0.0,2016-11-12 18:03:11,-Infinity
-7.479,4.903,4.692,0.0,2016-11-12 18:03:12,-Infinity
-7.479,4.903,4.386,0.0,2016-11-12 18:03:13,-Infinity
-7.326,4.903,4.692,0.0,2016-11-12 18:03:14,-Infinity
-7.479,4.443,4.386,0.0,2016-11-12 18:03:15,-Infinity
-7.479,4.903,4.999,0.0,2016-11-12 18:03:16,-Infinity
-7.479,5.056,4.692,0.0,2016-11-12 18:03:17,-Infinity
-7.479,4.75,4.539,0.0,2016-11-12 18:03:18,-Infinity
-7.479,4.903,4.386,0.0,2016-11-12 18:03:19,-Infinity
-7.632,4.597,5.305,0.0,2016-11-12 18:03:20,-Infinity
-7.479,4.903,4.539,0.0,2016-11-12 18:03:21,-Infinity
-7.479,4.903,4.692,0.0,2016-11-12 18:03:22,-Infinity
-7.479,4.903,4.692,0.0,2016-11-12 18:03:23,-Infinity
-7.479,5.056,4.539,0.0,2016-11-12 18:03:24,-Infinity
-7.326,4.903,4.846,0.0,2016-11-12 18:03:25,-Infinity
-7.173,5.056,4.692,0.0,2016-11-12 18:03:26,-Infinity
-7.326,5.056,4.692,0.0,2016-11-12 18:03:27,-Infinity
-7.326,5.056,4.386,0.0,2016-11-12 18:03:28,-Infinity
-7.173,4.903,5.458,0.0,2016-11-12 18:03:29,-Infinity
-7.02,4.75,5.458,0.0,2016-11-12 18:03:31,-Infinity
-6.866,4.903,5.458,0.0,2016-11-12 18:03:32,-Infinity
-7.786,7.508,7.144,0.0,2016-11-12 18:03:33,-Infinity
5.085,8.121,2.7,0.0,2016-11-12 18:03:34,-Infinity
4.472,7.202,5.152,0.0,2016-11-12 18:03:35,-Infinity
3.093,9.194,4.233,0.0,2016-11-12 18:03:36,-Infinity
3.399,8.274,3.926,0.0,2016-11-12 18:03:37,-Infinity
2.94,7.355,5.152,0.0,2016-11-12 18:03:38,-Infinity
3.706,7.968,4.386,0.0,2016-11-12 18:03:39,-Infinity
3.706,7.814,4.233,0.0,2016-11-12 18:03:40,-Infinity
4.012,7.814,5.305,0.0,2016-11-12 18:03:41,-Infinity
4.012,7.661,4.999,0.0,2016-11-12 18:03:42,-Infinity
3.706,7.661,4.692,0.0,2016-11-12 18:03:43,-Infinity
3.706,7.661,4.999,0.0,2016-11-12 18:03:44,-Infinity
3.859,7.661,5.918,0.0,2016-11-12 18:03:45,-Infinity
3.859,7.508,5.152,0.0,2016-11-12 18:03:46,-Infinity
3.859,7.661,4.999,0.0,2016-11-12 18:03:47,-Infinity
3.399,6.742,4.999,0.0,2016-11-12 18:03:48,-Infinity
3.859,7.202,5.152,0.0,2016-11-12 18:03:49,-Infinity
3.706,7.355,5.458,0.0,2016-11-12 18:03:50,-Infinity
3.706,7.355,5.458,0.0,2016-11-12 18:03:51,-Infinity
3.859,7.202,6.225,0.0,2016-11-12 18:03:52,-Infinity
3.859,7.202,5.765,0.0,2016-11-12 18:03:53,-Infinity
4.166,6.589,5.458,0.0,2016-11-12 18:03:54,-Infinity
3.706,6.282,5.918,0.0,2016-11-12 18:03:55,-Infinity
4.625,7.508,5.152,0.0,2016-11-12 18:03:56,-Infinity
3.706,7.814,5.612,0.0,2016-11-12 18:03:57,-Infinity
4.166,7.048,5.918,0.0,2016-11-12 18:03:58,-Infinity
3.706,7.661,5.765,0.0,2016-11-12 18:03:59,-Infinity
4.319,7.508,5.765,0.0,2016-11-12 18:04:00,-Infinity
3.859,7.508,4.999,0.0,2016-11-12 18:04:01,-Infinity
4.012,7.508,4.999,0.0,2016-11-12 18:04:02,-Infinity
4.012,7.508,4.999,0.0,2016-11-12 18:04:03,-Infinity
4.166,7.508,4.846,0.0,2016-11-12 18:04:04,-Infinity
3.706,7.508,3.773,0.0,2016-11-12 18:04:05,-Infinity
4.166,7.508,4.999,0.0,2016-11-12 18:04:06,-Infinity
4.012,7.508,4.999,0.0,2016-11-12 18:04:07,-Infinity
4.012,7.508,5.152,0.0,2016-11-12 18:04:08,-Infinity
4.166,7.661,5.152,0.0,2016-11-12 18:04:09,-Infinity
4.012,7.508,5.152,0.0,2016-11-12 18:04:10,-Infinity
4.012,7.508,5.152,0.0,2016-11-12 18:04:11,-Infinity
4.012,7.355,5.305,0.0,2016-11-12 18:04:12,-Infinity
4.012,7.661,4.233,0.0,2016-11-12 18:04:13,-Infinity
4.012,7.508,5.152,0.0,2016-11-12 18:04:14,-Infinity
4.012,7.508,5.152,0.0,2016-11-12 18:04:15,-Infinity
4.166,7.508,4.999,0.0,2016-11-12 18:04:16,-Infinity
4.166,7.661,4.999,0.0,2016-11-12 18:04:17,-Infinity
4.012,7.508,4.999,0.0,2016-11-12 18:04:18,-Infinity
4.012,7.508,5.152,0.0,2016-11-12 18:04:19,-Infinity
4.012,7.508,4.846,0.0,2016-11-12 18:04:20,-Infinity
4.166,7.661,4.999,0.0,2016-11-12 18:04:21,-Infinity
3.859,7.508,4.539,0.0,2016-11-12 18:04:22,-Infinity
4.166,7.508,4.999,0.0,2016-11-12 18:04:23,-Infinity
3.399,7.048,4.079,0.0,2016-11-12 18:04:24,-Infinity
2.174,5.363,7.757,0.0,2016-11-12 18:04:25,-Infinity
1.407,5.363,8.523,0.0,2016-11-12 18:04:26,-Infinity
8.763,1.072,-2.509,0.0,2016-11-12 18:04:27,-Infinity
8.456,3.217,-3.888,0.0,2016-11-12 18:04:28,-Infinity
9.376,3.217,-3.122,0.0,2016-11-12 18:04:29,-Infinity
8.303,1.685,-3.581,0.0,2016-11-12 18:04:30,-Infinity
5.238,9.653,3.466,0.0,2016-11-12 18:04:31,-Infinity
1.561,7.661,10.056,0.0,2016-11-12 18:04:32,-Infinity
2.48,7.202,5.612,0.0,2016-11-12 18:04:33,-Infinity
0.641,0.306,7.604,0.0,2016-11-12 18:04:34,-Infinity
-0.43,0.459,10.056,4.0,2016-11-12 18:04:35,-Infinity
6.004,7.202,9.749,4.0,2016-11-12 18:04:36,-Infinity
9.376,4.597,-4.041,8.0,2016-11-12 18:04:37,-Infinity
7.23,4.597,-3.122,4.0,2016-11-12 18:04:38,-Infinity
6.771,4.75,-5.573,0.0,2016-11-12 18:04:39,-Infinity
6.924,5.363,-4.194,0.0,2016-11-12 18:04:40,-Infinity
7.23,5.056,-4.348,0.0,2016-11-12 18:04:41,-Infinity
7.383,4.75,-4.194,0.0,2016-11-12 18:04:42,-Infinity
7.537,4.75,-4.041,0.0,2016-11-12 18:04:43,-Infinity
7.383,5.056,-3.888,4.0,2016-11-12 18:04:44,-Infinity
7.23,4.443,-4.194,4.0,2016-11-12 18:04:45,-Infinity
7.537,4.75,-3.735,4.0,2016-11-12 18:04:46,-Infinity
7.383,4.903,-4.807,0.0,2016-11-12 18:04:47,-Infinity
7.69,4.597,-3.581,0.0,2016-11-12 18:04:48,-Infinity
7.843,4.75,-3.888,0.0,2016-11-12 18:04:49,-Infinity
7.996,4.443,-3.581,0.0,2016-11-12 18:04:50,-Infinity
7.843,4.443,-3.275,0.0,2016-11-12 18:04:51,-Infinity
7.843,4.443,-3.275,0.0,2016-11-12 18:04:52,-Infinity
7.996,4.597,-3.428,0.0,2016-11-12 18:04:53,-Infinity
7.843,4.597,-2.355,0.0,2016-11-12 18:04:54,-Infinity
7.69,4.443,-4.041,0.0,2016-11-12 18:04:56,-Infinity
7.996,4.443,-3.428,0.0,2016-11-12 18:04:57,-Infinity
7.996,4.443,-3.428,0.0,2016-11-12 18:04:58,-Infinity
7.996,4.443,-3.275,0.0,2016-11-12 18:04:59,-Infinity
7.996,4.443,-3.428,0.0,2016-11-12 18:05:00,-Infinity
7.996,4.443,-3.581,0.0,2016-11-12 18:05:01,-Infinity
8.15,4.29,-3.428,0.0,2016-11-12 18:05:02,-Infinity
7.996,4.443,-2.968,0.0,2016-11-12 18:05:03,-Infinity
8.15,4.443,-3.275,0.0,2016-11-12 18:05:04,-Infinity
7.996,4.29,-3.888,0.0,2016-11-12 18:05:05,-Infinity
7.996,4.75,-2.815,0.0,2016-11-12 18:05:06,-Infinity
7.077,5.056,-4.654,0.0,2016-11-12 18:05:07,-Infinity
7.69,4.75,-3.735,0.0,2016-11-12 18:05:08,-Infinity
7.537,5.056,-4.041,0.0,2016-11-12 18:05:09,-Infinity
7.843,5.056,-3.735,0.0,2016-11-12 18:05:10,-Infinity
7.537,5.209,-3.735,0.0,2016-11-12 18:05:11,-Infinity
7.537,4.903,-3.581,0.0,2016-11-12 18:05:12,-Infinity
7.69,4.903,-2.815,0.0,2016-11-12 18:05:13,-Infinity
7.69,4.29,-4.041,0.0,2016-11-12 18:05:14,-Infinity
9.529,3.064,-2.968,0.0,2016-11-12 18:05:15,-Infinity
9.835,1.685,-2.202,0.0,2016-11-12 18:05:16,-Infinity
4.166,7.508,4.692,0.0,2016-11-12 18:05:17,-Infinity
3.706,8.121,3.16,0.0,2016-11-12 18:05:18,-Infinity
5.085,7.661,1.321,0.0,2016-11-12 18:05:19,-Infinity
6.617,5.822,3.466,0.0,2016-11-12 18:05:20,-Infinity
6.617,5.976,5.152,0.0,2016-11-12 18:05:21,-Infinity
6.924,6.282,3.466,0.0,2016-11-12 18:05:22,-Infinity
4.932,7.202,3.466,0.0,2016-11-12 18:05:23,-Infinity
3.246,7.355,4.233,0.0,2016-11-12 18:05:24,-Infinity
5.545,7.048,3.773,0.0,2016-11-12 18:05:25,-Infinity
5.698,7.202,3.773,0.0,2016-11-12 18:05:26,-Infinity
5.698,6.895,3.926,0.0,2016-11-12 18:05:27,-Infinity
6.004,7.202,3.466,0.0,2016-11-12 18:05:28,-Infinity
5.698,7.048,3.773,0.0,2016-11-12 18:05:29,-Infinity
5.545,7.048,4.079,0.0,2016-11-12 18:05:30,-Infinity
5.698,6.742,3.773,0.0,2016-11-12 18:05:31,-Infinity
5.545,6.895,3.62,0.0,2016-11-12 18:05:32,-Infinity
5.698,7.048,3.313,0.0,2016-11-12 18:05:33,-Infinity
6.004,6.895,3.926,0.0,2016-11-12 18:05:34,-Infinity
5.851,7.048,3.773,0.0,2016-11-12 18:05:35,-Infinity
5.851,6.895,3.773,0.0,2016-11-12 18:05:36,-Infinity
6.004,6.895,4.233,0.0,2016-11-12 18:05:37,-Infinity
5.698,6.742,3.16,0.0,2016-11-12 18:05:38,-Infinity
6.004,6.895,3.62,0.0,2016-11-12 18:05:39,-Infinity
6.004,6.895,3.313,0.0,2016-11-12 18:05:40,-Infinity
6.004,6.895,3.773,0.0,2016-11-12 18:05:41,-Infinity
6.004,6.895,3.313,0.0,2016-11-12 18:05:42,-Infinity
6.158,6.895,4.386,0.0,2016-11-12 18:05:43,-Infinity
6.311,6.742,3.62,0.0,2016-11-12 18:05:44,-Infinity
6.158,6.895,4.079,0.0,2016-11-12 18:05:45,-Infinity
6.311,6.895,5.458,0.0,2016-11-12 18:05:46,-Infinity
6.004,6.895,3.313,0.0,2016-11-12 18:05:47,-Infinity
6.004,6.895,2.853,0.0,2016-11-12 18:05:48,-Infinity
5.851,6.435,3.773,0.0,2016-11-12 18:05:49,-Infinity
6.158,6.895,3.773,0.0,2016-11-12 18:05:50,-Infinity
6.004,6.742,3.926,0.0,2016-11-12 18:05:51,-Infinity
6.004,6.742,3.926,0.0,2016-11-12 18:05:52,-Infinity
5.851,6.895,3.466,0.0,2016-11-12 18:05:53,-Infinity
6.158,6.895,3.62,0.0,2016-11-12 18:05:54,-Infinity
6.158,6.742,3.773,0.0,2016-11-12 18:05:55,-Infinity
6.004,6.742,3.62,0.0,2016-11-12 18:05:56,-Infinity
6.464,7.048,3.313,0.0,2016-11-12 18:05:57,-Infinity
5.851,9.807,1.781,0.0,2016-11-12 18:05:58,-Infinity
7.077,-2.145,7.604,4.0,2016-11-12 18:05:59,-Infinity
0.948,5.209,5.152,4.0,2016-11-12 18:06:00,-Infinity
7.077,6.742,4.692,4.0,2016-11-12 18:06:01,-Infinity
7.383,3.984,3.313,4.0,2016-11-12 18:06:02,-Infinity
8.609,5.209,-0.057,0.0,2016-11-12 18:06:03,-Infinity
9.222,5.669,-1.743,0.0,2016-11-12 18:06:04,-Infinity
6.924,6.435,-2.049,0.0,2016-11-12 18:06:05,-Infinity
7.077,6.435,-0.976,0.0,2016-11-12 18:06:06,-Infinity
7.23,6.129,-2.049,0.0,2016-11-12 18:06:07,-Infinity
7.383,6.129,-2.049,0.0,2016-11-12 18:06:08,-Infinity
7.69,5.822,-2.355,0.0,2016-11-12 18:06:09,-Infinity
7.537,5.976,-1.896,0.0,2016-11-12 18:06:10,-Infinity
7.537,5.822,-1.743,0.0,2016-11-12 18:06:11,-Infinity
7.843,6.129,-1.283,0.0,2016-11-12 18:06:12,-Infinity
7.537,5.822,-1.743,0.0,2016-11-12 18:06:13,-Infinity
7.537,5.822,-1.896,0.0,2016-11-12 18:06:14,-Infinity
7.23,5.363,-1.436,0.0,2016-11-12 18:06:15,-Infinity
7.537,5.516,-2.662,0.0,2016-11-12 18:06:16,-Infinity
7.843,5.669,-1.896,0.0,2016-11-12 18:06:17,-Infinity
7.843,5.976,-2.049,0.0,2016-11-12 18:06:18,-Infinity
7.996,5.669,-1.896,0.0,2016-11-12 18:06:19,-Infinity
7.537,5.822,-1.743,0.0,2016-11-12 18:06:20,-Infinity
7.69,5.669,-1.743,0.0,2016-11-12 18:06:21,-Infinity
7.843,5.822,-0.21,0.0,2016-11-12 18:06:22,-Infinity
7.843,5.516,-2.202,0.0,2016-11-12 18:06:24,-Infinity
7.69,5.669,-1.896,0.0,2016-11-12 18:06:25,-Infinity
7.537,5.669,-2.355,0.0,2016-11-12 18:06:26,-Infinity
7.537,5.516,-2.049,0.0,2016-11-12 18:06:27,-Infinity
7.69,5.516,-2.049,0.0,2016-11-12 18:06:28,-Infinity
7.69,5.516,-1.743,0.0,2016-11-12 18:06:29,-Infinity
7.69,5.822,-1.896,0.0,2016-11-12 18:06:30,-Infinity
7.537,5.516,-3.122,0.0,2016-11-12 18:06:31,-Infinity
7.843,5.669,-2.355,0.0,2016-11-12 18:06:32,-Infinity
7.69,5.669,-2.202,0.0,2016-11-12 18:06:33,-Infinity
7.69,5.822,-2.355,0.0,2016-11-12 18:06:34,-Infinity
7.69,5.669,-1.743,0.0,2016-11-12 18:06:35,-Infinity
7.537,5.516,-2.355,0.0,2016-11-12 18:06:36,-Infinity
7.69,5.516,-2.202,0.0,2016-11-12 18:06:37,-Infinity
7.843,5.516,-2.049,0.0,2016-11-12 18:06:38,-Infinity
7.843,5.669,-2.202,0.0,2016-11-12 18:06:39,-Infinity
7.843,5.669,-1.436,0.0,2016-11-12 18:06:40,-Infinity
7.69,5.516,-2.049,0.0,2016-11-12 18:06:41,-Infinity
7.843,5.669,-2.355,0.0,2016-11-12 18:06:42,-Infinity
7.69,5.669,-2.202,0.0,2016-11-12 18:06:43,-Infinity
7.843,5.669,-2.509,0.0,2016-11-12 18:06:44,-Infinity
7.69,5.516,-1.436,0.0,2016-11-12 18:06:45,-Infinity
7.69,5.516,-2.202,0.0,2016-11-12 18:06:46,-Infinity
7.69,5.669,-2.202,0.0,2016-11-12 18:06:47,-Infinity
7.69,5.516,-2.509,0.0,2016-11-12 18:06:48,-Infinity
7.69,5.516,-2.202,0.0,2016-11-12 18:06:49,-Infinity
7.69,5.516,-2.049,0.0,2016-11-12 18:06:50,-Infinity
8.303,5.209,-1.743,0.0,2016-11-12 18:06:51,-Infinity
7.537,5.516,-1.436,0.0,2016-11-12 18:06:52,-Infinity
7.843,5.516,-1.13,0.0,2016-11-12 18:06:53,-Infinity
7.996,5.516,-1.283,0.0,2016-11-12 18:06:54,-Infinity
8.15,5.516,-1.13,0.0,2016-11-12 18:06:55,-Infinity
7.843,5.516,-1.436,0.0,2016-11-12 18:06:56,-Infinity
7.996,5.516,-1.13,0.0,2016-11-12 18:06:57,-Infinity
7.996,5.516,-1.283,0.0,2016-11-12 18:06:58,-Infinity
7.843,5.363,-1.13,0.0,2016-11-12 18:06:59,-Infinity
8.15,5.516,-0.057,0.0,2016-11-12 18:07:00,-Infinity
7.996,5.363,-0.976,0.0,2016-11-12 18:07:01,-Infinity
7.843,5.363,-0.67,0.0,2016-11-12 18:07:02,-Infinity
7.996,5.363,-0.976,0.0,2016-11-12 18:07:03,-Infinity
7.843,5.516,-1.13,0.0,2016-11-12 18:07:04,-Infinity
8.15,5.669,-0.823,0.0,2016-11-12 18:07:05,-Infinity
8.15,5.516,-2.509,0.0,2016-11-12 18:07:06,-Infinity
7.996,5.516,-0.976,0.0,2016-11-12 18:07:07,-Infinity
7.996,5.516,-1.13,0.0,2016-11-12 18:07:08,-Infinity
7.996,5.363,-0.67,0.0,2016-11-12 18:07:09,-Infinity
8.15,5.516,-0.823,0.0,2016-11-12 18:07:10,-Infinity
8.15,5.516,-1.13,0.0,2016-11-12 18:07:11,-Infinity
8.303,5.516,-1.13,0.0,2016-11-12 18:07:12,-Infinity
8.609,5.056,-0.976,0.0,2016-11-12 18:07:13,-Infinity
8.15,5.056,-1.743,0.0,2016-11-12 18:07:14,-Infinity
7.69,5.669,-1.436,0.0,2016-11-12 18:07:15,-Infinity
7.843,5.669,-1.283,0.0,2016-11-12 18:07:16,-Infinity
7.843,5.516,-1.283,0.0,2016-11-12 18:07:17,-Infinity
7.996,5.516,-0.976,0.0,2016-11-12 18:07:18,-Infinity
7.69,5.363,-2.662,0.0,2016-11-12 18:07:19,-Infinity
7.996,5.516,-0.976,0.0,2016-11-12 18:07:20,-Infinity
7.996,5.516,-1.283,0.0,2016-11-12 18:07:21,-Infinity
7.843,5.363,-1.283,0.0,2016-11-12 18:07:22,-Infinity
7.996,5.516,-1.589,0.0,2016-11-12 18:07:23,-Infinity
7.996,5.516,-1.283,0.0,2016-11-12 18:07:24,-Infinity
7.843,5.516,-1.283,0.0,2016-11-12 18:07:25,-Infinity
7.996,5.516,-1.283,0.0,2016-11-12 18:07:26,-Infinity
7.843,5.516,-1.283,0.0,2016-11-12 18:07:27,-Infinity
7.996,5.363,-1.436,0.0,2016-11-12 18:07:28,-Infinity
7.996,5.516,-1.13,0.0,2016-11-12 18:07:29,-Infinity
7.996,5.363,-1.283,0.0,2016-11-12 18:07:30,-Infinity
7.996,5.516,-1.13,0.0,2016-11-12 18:07:31,-Infinity
8.456,5.669,1.781,0.0,2016-11-12 18:07:32,-Infinity
7.996,5.363,-0.976,0.0,2016-11-12 18:07:33,-Infinity
7.996,5.669,-0.823,0.0,2016-11-12 18:07:34,-Infinity
8.15,5.516,-0.823,0.0,2016-11-12 18:07:36,-Infinity
7.996,5.669,-0.363,0.0,2016-11-12 18:07:37,-Infinity
7.996,5.669,-0.057,0.0,2016-11-12 18:07:38,-Infinity
7.996,5.822,-0.67,0.0,2016-11-12 18:07:39,-Infinity
7.996,5.669,-1.283,0.0,2016-11-12 18:07:40,-Infinity
7.843,5.822,-1.283,0.0,2016-11-12 18:07:41,-Infinity
7.996,5.516,-0.823,0.0,2016-11-12 18:07:42,-Infinity
7.996,5.669,-0.976,0.0,2016-11-12 18:07:43,-Infinity
7.69,5.669,-0.976,0.0,2016-11-12 18:07:44,-Infinity
7.996,5.822,-0.823,0.0,2016-11-12 18:07:45,-Infinity
7.843,5.669,-0.976,0.0,2016-11-12 18:07:46,-Infinity
7.843,5.669,-0.363,0.0,2016-11-12 18:07:47,-Infinity
7.843,5.669,-1.13,0.0,2016-11-12 18:07:48,-Infinity
7.843,5.669,-0.67,0.0,2016-11-12 18:07:49,-Infinity
7.843,5.516,-0.976,0.0,2016-11-12 18:07:50,-Infinity
7.996,5.669,-0.517,0.0,2016-11-12 18:07:51,-Infinity
7.996,5.516,-0.823,0.0,2016-11-12 18:07:52,-Infinity
7.996,5.516,-0.21,0.0,2016-11-12 18:07:53,-Infinity
7.843,5.669,-0.67,0.0,2016-11-12 18:07:54,-Infinity
7.843,5.669,-0.517,0.0,2016-11-12 18:07:55,-Infinity
7.996,5.669,-0.823,0.0,2016-11-12 18:07:56,-Infinity
7.996,5.669,-0.823,0.0,2016-11-12 18:07:57,-Infinity
7.996,5.516,-1.283,0.0,2016-11-12 18:07:58,-Infinity
7.843,5.669,-2.509,0.0,2016-11-12 18:07:59,-Infinity
7.996,5.669,-0.67,0.0,2016-11-12 18:08:00,-Infinity
7.996,5.516,-0.823,0.0,2016-11-12 18:08:01,-Infinity
7.996,5.516,-0.976,0.0,2016-11-12 18:08:02,-Infinity
8.456,5.669,-0.823,0.0,2016-11-12 18:08:03,-Infinity
7.996,5.669,-0.67,0.0,2016-11-12 18:08:04,-Infinity
8.15,5.516,-1.13,0.0,2016-11-12 18:08:05,-Infinity
9.222,5.056,0.095,0.0,2016-11-12 18:08:06,-Infinity
7.383,-5.822,-3.122,0.0,2016-11-12 18:08:07,-Infinity
7.383,-3.371,-5.42,0.0,2016-11-12 18:08:08,-Infinity
6.617,-5.209,-3.275,0.0,2016-11-12 18:08:09,-Infinity
4.778,-6.435,1.474,0.0,2016-11-12 18:08:10,-Infinity
0.488,-6.129,8.37,0.0,2016-11-12 18:08:11,-Infinity
1.254,-0.459,9.749,0.0,2016-11-12 18:08:12,-Infinity
3.246,1.072,9.289,0.0,2016-11-12 18:08:13,-Infinity